Signal Legend:

Key        Signal Name

0        = values_out
1        = sbox_out
2        = test_out
3        = counter_out
4        = done_out

Data Table:

Signals-> 0        1   2 3   4 

sample

-128      0        0   0 0   0 
-127      0        0   0 0   0 
-126      0        0   0 0   0 
-125      0        0   0 0   0 
-124      0        0   0 0   0 
-123      0        0   0 0   0 
-122      0        0   0 0   0 
-121      0        0   0 0   0 
-120      0        0   0 0   0 
-119      0        0   0 0   0 
-118      0        0   0 0   0 
-117      0        0   0 0   0 
-116      0        0   0 0   0 
-115      0        0   0 0   0 
-114      0        0   0 0   0 
-113      0        0   0 0   0 
-112      0        0   0 0   0 
-111      0        0   0 0   0 
-110      0        0   0 0   0 
-109      0        0   0 0   0 
-108      0        0   0 0   0 
-107      0        0   0 0   0 
-106      0        0   0 0   0 
-105      0        0   0 0   0 
-104      0        0   0 0   0 
-103      0        0   0 0   0 
-102      0        0   0 0   0 
-101      0        0   0 0   0 
-100      0        0   0 0   0 
-99       0        0   0 0   0 
-98       0        0   0 0   0 
-97       0        0   0 0   0 
-96       0        0   0 0   0 
-95       0        0   0 0   0 
-94       0        0   0 0   0 
-93       0        0   0 0   0 
-92       0        0   0 0   0 
-91       0        0   0 0   0 
-90       0        0   0 0   0 
-89       0        0   0 0   0 
-88       0        0   0 0   0 
-87       0        0   0 0   0 
-86       0        0   0 0   0 
-85       0        0   0 0   0 
-84       0        0   0 0   0 
-83       0        0   0 0   0 
-82       0        0   0 0   0 
-81       0        0   0 0   0 
-80       0        0   0 0   0 
-79       0        0   0 0   0 
-78       0        0   0 0   0 
-77       0        0   0 0   0 
-76       0        0   0 0   0 
-75       0        0   0 0   0 
-74       0        0   0 0   0 
-73       0        0   0 0   0 
-72       0        0   0 0   0 
-71       0        0   0 0   0 
-70       0        0   0 0   0 
-69       0        0   0 0   0 
-68       0        0   0 0   0 
-67       0        0   0 0   0 
-66       0        0   0 0   0 
-65       0        0   0 0   0 
-64       0        0   0 0   0 
-63       0        0   0 0   0 
-62       0        0   0 0   0 
-61       0        0   0 0   0 
-60       0        0   0 0   0 
-59       0        0   0 0   0 
-58       0        0   0 0   0 
-57       0        0   0 0   0 
-56       0        0   0 0   0 
-55       0        0   0 0   0 
-54       0        0   0 0   0 
-53       0        0   0 0   0 
-52       0        0   0 0   0 
-51       0        0   0 0   0 
-50       0        0   0 0   0 
-49       0        0   0 0   0 
-48       0        0   0 0   0 
-47       0        0   0 0   0 
-46       0        0   0 0   0 
-45       0        0   0 0   0 
-44       0        0   0 0   0 
-43       0        0   0 0   0 
-42       0        0   0 0   0 
-41       0        0   0 0   0 
-40       0        0   0 0   0 
-39       0        0   0 0   0 
-38       0        0   0 0   0 
-37       0        0   0 0   0 
-36       0        0   0 0   0 
-35       0        0   0 0   0 
-34       0        0   0 0   0 
-33       0        0   0 0   0 
-32       0        0   0 0   0 
-31       0        0   0 0   0 
-30       0        0   0 0   0 
-29       0        0   0 0   0 
-28       0        0   0 0   0 
-27       0        0   0 0   0 
-26       0        0   0 0   0 
-25       0        0   0 0   0 
-24       0        0   0 0   0 
-23       0        0   0 0   0 
-22       0        0   0 0   0 
-21       0        0   0 0   0 
-20       0        0   0 0   0 
-19       0        0   0 0   0 
-18       0        0   0 0   0 
-17       0        0   0 0   0 
-16       0        0   0 0   0 
-15       0        0   0 0   0 
-14       0        0   0 0   0 
-13       0        0   0 0   0 
-12       0        0   0 0   0 
-11       0        0   0 0   0 
-10       0        0   0 0   0 
-9        0        0   0 0   0 
-8        0        0   0 0   0 
-7        0        0   0 0   0 
-6        0        0   0 0   0 
-5        0        0   0 0   0 
-4        0        0   0 0   0 
-3        0        0   0 0   0 
-2        0        0   0 0   0 
-1        0        0   0 0   0 
0         -8342430 91  1 1   0 
1         -8258049 62  1 2   0 
2         -8244848 61  1 3   0 
3         -8156683 70  1 4   0 
4         -8010835 144 1 5   0 
5         -7991699 196 1 6   0 
6         -7939568 84  1 7   0 
7         -7913959 14  1 8   0 
8         -7885507 25  1 9   0 
9         -7692961 168 1 10  0 
10        -7543185 162 1 11  0 
11        -7506504 141 1 12  0 
12        -7460561 140 1 13  0 
13        -7352418 120 1 14  0 
14        -7255692 254 1 15  0 
15        -7179143 218 1 16  0 
16        -7131757 249 1 17  0 
17        -7100750 156 1 18  0 
18        -7084692 131 1 19  0 
19        -7035762 129 1 20  0 
20        -7022183 78  1 21  0 
21        -6840368 37  1 22  0 
22        -6760974 29  1 23  0 
23        -6696664 159 1 24  0 
24        -6444668 35  1 25  0 
25        -6425294 68  1 26  0 
26        -6397058 27  1 27  0 
27        -6372989 22  1 28  0 
28        -6282192 142 1 29  0 
29        -6278495 97  1 30  0 
30        -6257092 77  1 31  0 
31        -6210641 113 1 32  0 
32        -6169434 101 1 33  0 
33        -5934854 114 1 34  0 
34        -5902054 89  1 35  0 
35        -5768145 21  1 36  0 
36        -5727875 15  1 37  0 
37        -5662030 67  1 38  0 
38        -5455318 132 1 39  0 
39        -5437154 99  1 40  0 
40        -5411027 152 1 41  0 
41        -5398607 11  1 42  0 
42        -5392251 16  1 43  0 
43        -5379458 55  1 44  0 
44        -5257715 167 1 45  0 
45        -5147991 93  1 46  0 
46        -5023859 145 1 47  0 
47        -4891956 56  1 48  0 
48        -4880414 7   1 49  0 
49        -4735808 23  1 50  0 
50        -4394730 98  1 51  0 
51        -4225023 46  1 52  0 
52        -4108686 63  1 53  0 
53        -3647293 107 1 54  0 
54        -3522032 108 1 55  0 
55        -3461648 151 1 56  0 
56        -3448315 119 1 57  0 
57        -3356099 57  1 58  0 
58        -3327848 83  1 59  0 
59        -3238863 39  1 60  0 
60        -3183688 76  1 61  0 
61        -3042603 133 1 62  0 
62        -2838147 59  1 63  0 
63        -2832737 125 1 64  0 
64        -2472170 94  1 65  0 
65        -2456781 82  1 66  0 
66        -2216152 134 1 67  0 
67        -2214378 17  1 68  0 
68        -2198242 73  1 69  0 
69        -2187478 52  1 70  0 
70        -2134292 135 1 71  0 
71        -2127513 147 1 72  0 
72        -1922597 45  1 73  0 
73        -1565696 0   1 74  0 
74        -1545141 54  1 75  0 
75        -1522719 116 1 76  0 
76        -1491218 69  1 77  0 
77        -1486554 8   1 78  0 
78        -1441921 109 1 79  0 
79        -1417808 49  1 80  0 
80        -1399498 143 1 81  0 
81        -1144395 126 1 82  0 
82        -1122912 96  1 83  0 
83        -1030519 71  1 84  0 
84        -992966  85  1 85  0 
85        -970223  2   1 86  0 
86        -896156  110 1 87  0 
87        -889696  75  1 88  0 
88        -754348  50  1 89  0 
89        -508049  43  1 90  0 
90        -309462  95  1 91  0 
91        -139124  103 1 92  0 
92        -131874  28  1 93  0 
93        -4195081 106 1 94  0 
94        -3311085 160 1 95  0 
95        -3313363 163 1 96  0 
96        -7043437 153 1 97  0 
97        -6872935 181 1 98  0 
98        -6784188 186 1 99  0 
99        -6375019 172 1 100 0 
100       -6331527 178 1 101 0 
101       -5765514 240 1 102 0 
102       -5466858 179 1 103 0 
103       -5347231 239 1 104 0 
104       -4969418 171 1 105 0 
105       -4895746 187 1 106 0 
106       -4858240 227 1 107 0 
107       -4850210 244 1 108 0 
108       -4750323 192 1 109 0 
109       -4534209 209 1 110 0 
110       -4520458 194 1 111 0 
111       -4244808 229 1 112 0 
112       -4231842 211 1 113 0 
113       -4222253 157 1 114 0 
114       -4158328 173 1 115 0 
115       -4101096 238 1 116 0 
116       -4040871 174 1 117 0 
117       -4037094 250 1 118 0 
118       -3931279 169 1 119 0 
119       -3819086 237 1 120 0 
120       -3668761 217 1 121 0 
121       -3280115 212 1 122 0 
122       -2889519 228 1 123 0 
123       -2657847 182 1 124 0 
124       -2601747 176 1 125 0 
125       -2480133 191 1 126 0 
126       -2056450 195 1 127 0 
127       -1987764 252 1 128 0 
128       -1986922 233 1 129 0 
129       -1920567 183 1 130 0 
130       -1861587 184 1 131 0 
131       -1330075 219 1 132 0 
132       -944135  200 1 133 0 
133       -922124  185 1 134 0 
134       -649423  170 1 135 0 
135       -576183  255 1 136 0 
136       -563707  164 1 137 0 
137       -401027  166 1 138 0 
138       -353174  175 1 139 0 
139       -345829  193 1 140 0 
140       -270096  220 1 141 0 
141       -192627  245 1 142 0 
142       37032    199 1 143 0 
143       240681   247 1 144 0 
144       263827   112 1 145 0 
145       411591   155 1 146 0 
146       507829   128 1 147 0 
147       551418   253 1 148 0 
148       721487   60  1 149 0 
149       766284   24  1 150 0 
150       802274   1   1 151 0 
151       821613   118 1 152 0 
152       883747   221 1 153 0 
153       896095   5   1 154 0 
154       947077   150 1 155 0 
155       950494   210 1 156 0 
156       1004921  31  1 157 0 
157       1043870  72  1 158 0 
158       1139874  226 1 159 0 
159       1158150  165 1 160 0 
160       1209867  235 1 161 0 
161       1305698  207 1 162 0 
162       1311420  146 1 163 0 
163       1414558  19  1 164 0 
164       1424332  177 1 165 0 
165       1458886  122 1 166 0 
166       1477911  86  1 167 0 
167       1519064  216 1 168 0 
168       1529924  180 1 169 0 
169       1545357  3   1 170 0 
170       1558617  74  1 171 0 
171       1732894  26  1 172 0 
172       1783833  6   1 173 0 
173       1810968  124 1 174 0 
174       1860234  80  1 175 0 
175       1989329  138 1 176 0 
176       2008931  251 1 177 0 
177       2011855  234 1 178 0 
178       2054039  161 1 179 0 
179       2182546  242 1 180 0 
180       2316941  214 1 181 0 
181       2328815  230 1 182 0 
182       2354199  149 1 183 0 
183       2358401  241 1 184 0 
184       2408429  34  1 185 0 
185       2485656  42  1 186 0 
186       2561340  30  1 187 0 
187       2573563  208 1 188 0 
188       2617499  139 1 189 0 
189       2671668  232 1 190 0 
190       2794814  92  1 191 0 
191       2884288  100 1 192 0 
192       2899799  224 1 193 0 
193       2953925  102 1 194 0 
194       3030248  248 1 195 0 
195       3041789  87  1 196 0 
196       3130261  4   1 197 0 
197       3139400  33  1 198 0 
198       3187870  205 1 199 0 
199       3195882  243 1 200 0 
200       3415449  90  1 201 0 
201       3489961  51  1 202 0 
202       3544275  213 1 203 0 
203       3712081  65  1 204 0 
204       3740481  79  1 205 0 
205       3747016  13  1 206 0 
206       3751788  38  1 207 0 
207       3756175  32  1 208 0 
208       3792799  40  1 209 0 
209       3830059  10  1 210 0 
210       4024172  206 1 211 0 
211       4234355  58  1 212 0 
212       4241745  136 1 213 0 
213       4259285  47  1 214 0 
214       4290627  201 1 215 0 
215       4448362  204 1 216 0 
216       4465743  148 1 217 0 
217       4723128  189 1 218 0 
218       4725063  225 1 219 0 
219       4898304  130 1 220 0 
220       4944884  154 1 221 0 
221       5235374  223 1 222 0 
222       5326291  88  1 223 0 
223       5360831  197 1 224 0 
224       5501003  202 1 225 0 
225       5567995  123 1 226 0 
226       5791857  137 1 227 0 
227       5887750  12  1 228 0 
228       5983386  9   1 229 0 
229       6082899  158 1 230 0 
230       6132973  53  1 231 0 
231       6154530  215 1 232 0 
232       6290084  121 1 233 0 
233       6310481  48  1 234 0 
234       6329010  188 1 235 0 
235       6329157  115 1 236 0 
236       6516059  231 1 237 0 
237       6675436  20  1 238 0 
238       6803580  81  1 239 0 
239       6916851  66  1 240 0 
240       6951960  117 1 241 0 
241       6976209  104 1 242 0 
242       7200005  64  1 243 0 
243       7214770  222 1 244 0 
244       7224094  127 1 245 0 
245       7238592  36  1 246 0 
246       7370735  198 1 247 0 
247       7386972  41  1 248 0 
248       7434108  246 1 249 0 
249       7457785  111 1 250 0 
250       7520550  105 1 251 0 
251       7670831  236 1 252 0 
252       7674869  44  1 253 0 
253       8140431  190 1 254 0 
254       8141657  203 1 255 0 
255       8168444  18  1 0   0 
256       8168444  18  1 0   1 
257       8168444  18  1 0   1 
258       8168444  18  1 0   1 
259       8168444  18  1 0   1 
260       8168444  18  1 0   1 
261       8168444  18  1 0   1 
262       8168444  18  1 0   1 
263       8168444  18  1 0   1 
264       8168444  18  1 0   1 
265       8168444  18  1 0   1 
266       8168444  18  1 0   1 
267       8168444  18  1 0   1 
268       8168444  18  1 0   1 
269       8168444  18  1 0   1 
270       8168444  18  1 0   1 
271       8168444  18  1 0   1 
272       8168444  18  1 0   1 
273       8168444  18  1 0   1 
274       8168444  18  1 0   1 
275       8168444  18  1 0   1 
276       8168444  18  1 0   1 
277       8168444  18  1 0   1 
278       8168444  18  1 0   1 
279       8168444  18  1 0   1 
280       8168444  18  1 0   1 
281       8168444  18  1 0   1 
282       8168444  18  1 0   1 
283       8168444  18  1 0   1 
284       8168444  18  1 0   1 
285       8168444  18  1 0   1 
286       8168444  18  1 0   1 
287       8168444  18  1 0   1 
288       8168444  18  1 0   1 
289       8168444  18  1 0   1 
290       8168444  18  1 0   1 
291       8168444  18  1 0   1 
292       8168444  18  1 0   1 
293       8168444  18  1 0   1 
294       8168444  18  1 0   1 
295       8168444  18  1 0   1 
296       8168444  18  1 0   1 
297       8168444  18  1 0   1 
298       8168444  18  1 0   1 
299       8168444  18  1 0   1 
300       8168444  18  1 0   1 
301       8168444  18  1 0   1 
302       8168444  18  1 0   1 
303       8168444  18  1 0   1 
304       8168444  18  1 0   1 
305       8168444  18  1 0   1 
306       8168444  18  1 0   1 
307       8168444  18  1 0   1 
308       8168444  18  1 0   1 
309       8168444  18  1 0   1 
310       8168444  18  1 0   1 
311       8168444  18  1 0   1 
312       8168444  18  1 0   1 
313       8168444  18  1 0   1 
314       8168444  18  1 0   1 
315       8168444  18  1 0   1 
316       8168444  18  1 0   1 
317       8168444  18  1 0   1 
318       8168444  18  1 0   1 
319       8168444  18  1 0   1 
320       8168444  18  1 0   1 
321       8168444  18  1 0   1 
322       8168444  18  1 0   1 
323       8168444  18  1 0   1 
324       8168444  18  1 0   1 
325       8168444  18  1 0   1 
326       8168444  18  1 0   1 
327       8168444  18  1 0   1 
328       8168444  18  1 0   1 
329       8168444  18  1 0   1 
330       8168444  18  1 0   1 
331       8168444  18  1 0   1 
332       8168444  18  1 0   1 
333       8168444  18  1 0   1 
334       8168444  18  1 0   1 
335       8168444  18  1 0   1 
336       8168444  18  1 0   1 
337       8168444  18  1 0   1 
338       8168444  18  1 0   1 
339       8168444  18  1 0   1 
340       8168444  18  1 0   1 
341       8168444  18  1 0   1 
342       8168444  18  1 0   1 
343       8168444  18  1 0   1 
344       8168444  18  1 0   1 
345       8168444  18  1 0   1 
346       8168444  18  1 0   1 
347       8168444  18  1 0   1 
348       8168444  18  1 0   1 
349       8168444  18  1 0   1 
350       8168444  18  1 0   1 
351       8168444  18  1 0   1 
352       8168444  18  1 0   1 
353       8168444  18  1 0   1 
354       8168444  18  1 0   1 
355       8168444  18  1 0   1 
356       8168444  18  1 0   1 
357       8168444  18  1 0   1 
358       8168444  18  1 0   1 
359       8168444  18  1 0   1 
360       8168444  18  1 0   1 
361       8168444  18  1 0   1 
362       8168444  18  1 0   1 
363       8168444  18  1 0   1 
364       8168444  18  1 0   1 
365       8168444  18  1 0   1 
366       8168444  18  1 0   1 
367       8168444  18  1 0   1 
368       8168444  18  1 0   1 
369       8168444  18  1 0   1 
370       8168444  18  1 0   1 
371       8168444  18  1 0   1 
372       8168444  18  1 0   1 
373       8168444  18  1 0   1 
374       8168444  18  1 0   1 
375       8168444  18  1 0   1 
376       8168444  18  1 0   1 
377       8168444  18  1 0   1 
378       8168444  18  1 0   1 
379       8168444  18  1 0   1 
380       8168444  18  1 0   1 
381       8168444  18  1 0   1 
382       8168444  18  1 0   1 
383       8168444  18  1 0   1 
384       8168444  18  1 0   1 
385       8168444  18  1 0   1 
386       8168444  18  1 0   1 
387       8168444  18  1 0   1 
388       8168444  18  1 0   1 
389       8168444  18  1 0   1 
390       8168444  18  1 0   1 
391       8168444  18  1 0   1 
392       8168444  18  1 0   1 
393       8168444  18  1 0   1 
394       8168444  18  1 0   1 
395       8168444  18  1 0   1 
396       8168444  18  1 0   1 
397       8168444  18  1 0   1 
398       8168444  18  1 0   1 
399       8168444  18  1 0   1 
400       8168444  18  1 0   1 
401       8168444  18  1 0   1 
402       8168444  18  1 0   1 
403       8168444  18  1 0   1 
404       8168444  18  1 0   1 
405       8168444  18  1 0   1 
406       8168444  18  1 0   1 
407       8168444  18  1 0   1 
408       8168444  18  1 0   1 
409       8168444  18  1 0   1 
410       8168444  18  1 0   1 
411       8168444  18  1 0   1 
412       8168444  18  1 0   1 
413       8168444  18  1 0   1 
414       8168444  18  1 0   1 
415       8168444  18  1 0   1 
416       8168444  18  1 0   1 
417       8168444  18  1 0   1 
418       8168444  18  1 0   1 
419       8168444  18  1 0   1 
420       8168444  18  1 0   1 
421       8168444  18  1 0   1 
422       8168444  18  1 0   1 
423       8168444  18  1 0   1 
424       8168444  18  1 0   1 
425       8168444  18  1 0   1 
426       8168444  18  1 0   1 
427       8168444  18  1 0   1 
428       8168444  18  1 0   1 
429       8168444  18  1 0   1 
430       8168444  18  1 0   1 
431       8168444  18  1 0   1 
432       8168444  18  1 0   1 
433       8168444  18  1 0   1 
434       8168444  18  1 0   1 
435       8168444  18  1 0   1 
436       8168444  18  1 0   1 
437       8168444  18  1 0   1 
438       8168444  18  1 0   1 
439       8168444  18  1 0   1 
440       8168444  18  1 0   1 
441       8168444  18  1 0   1 
442       8168444  18  1 0   1 
443       8168444  18  1 0   1 
444       8168444  18  1 0   1 
445       8168444  18  1 0   1 
446       8168444  18  1 0   1 
447       8168444  18  1 0   1 
448       8168444  18  1 0   1 
449       8168444  18  1 0   1 
450       8168444  18  1 0   1 
451       8168444  18  1 0   1 
452       8168444  18  1 0   1 
453       8168444  18  1 0   1 
454       8168444  18  1 0   1 
455       8168444  18  1 0   1 
456       8168444  18  1 0   1 
457       8168444  18  1 0   1 
458       8168444  18  1 0   1 
459       8168444  18  1 0   1 
460       8168444  18  1 0   1 
461       8168444  18  1 0   1 
462       8168444  18  1 0   1 
463       8168444  18  1 0   1 
464       8168444  18  1 0   1 
465       8168444  18  1 0   1 
466       8168444  18  1 0   1 
467       8168444  18  1 0   1 
468       8168444  18  1 0   1 
469       8168444  18  1 0   1 
470       8168444  18  1 0   1 
471       8168444  18  1 0   1 
472       8168444  18  1 0   1 
473       8168444  18  1 0   1 
474       8168444  18  1 0   1 
475       8168444  18  1 0   1 
476       8168444  18  1 0   1 
477       8168444  18  1 0   1 
478       8168444  18  1 0   1 
479       8168444  18  1 0   1 
480       8168444  18  1 0   1 
481       8168444  18  1 0   1 
482       8168444  18  1 0   1 
483       8168444  18  1 0   1 
484       8168444  18  1 0   1 
485       8168444  18  1 0   1 
486       8168444  18  1 0   1 
487       8168444  18  1 0   1 
488       8168444  18  1 0   1 
489       8168444  18  1 0   1 
490       8168444  18  1 0   1 
491       8168444  18  1 0   1 
492       8168444  18  1 0   1 
493       8168444  18  1 0   1 
494       8168444  18  1 0   1 
495       8168444  18  1 0   1 
496       8168444  18  1 0   1 
497       8168444  18  1 0   1 
498       8168444  18  1 0   1 
499       8168444  18  1 0   1 
500       8168444  18  1 0   1 
501       8168444  18  1 0   1 
502       8168444  18  1 0   1 
503       8168444  18  1 0   1 
504       8168444  18  1 0   1 
505       8168444  18  1 0   1 
506       8168444  18  1 0   1 
507       8168444  18  1 0   1 
508       8168444  18  1 0   1 
509       8168444  18  1 0   1 
510       8168444  18  1 0   1 
511       8168444  18  1 0   1 
512       8168444  18  1 0   1 
513       8168444  18  1 0   1 
514       8168444  18  1 0   1 
515       8168444  18  1 0   1 
516       8168444  18  1 0   1 
517       8168444  18  1 0   1 
518       8168444  18  1 0   1 
519       8168444  18  1 0   1 
520       8168444  18  1 0   1 
521       8168444  18  1 0   1 
522       8168444  18  1 0   1 
523       8168444  18  1 0   1 
524       8168444  18  1 0   1 
525       8168444  18  1 0   1 
526       8168444  18  1 0   1 
527       8168444  18  1 0   1 
528       8168444  18  1 0   1 
529       8168444  18  1 0   1 
530       8168444  18  1 0   1 
531       8168444  18  1 0   1 
532       8168444  18  1 0   1 
533       8168444  18  1 0   1 
534       8168444  18  1 0   1 
535       8168444  18  1 0   1 
536       8168444  18  1 0   1 
537       8168444  18  1 0   1 
538       8168444  18  1 0   1 
539       8168444  18  1 0   1 
540       8168444  18  1 0   1 
541       8168444  18  1 0   1 
542       8168444  18  1 0   1 
543       8168444  18  1 0   1 
544       8168444  18  1 0   1 
545       8168444  18  1 0   1 
546       8168444  18  1 0   1 
547       8168444  18  1 0   1 
548       8168444  18  1 0   1 
549       8168444  18  1 0   1 
550       8168444  18  1 0   1 
551       8168444  18  1 0   1 
552       8168444  18  1 0   1 
553       8168444  18  1 0   1 
554       8168444  18  1 0   1 
555       8168444  18  1 0   1 
556       8168444  18  1 0   1 
557       8168444  18  1 0   1 
558       8168444  18  1 0   1 
559       8168444  18  1 0   1 
560       8168444  18  1 0   1 
561       8168444  18  1 0   1 
562       8168444  18  1 0   1 
563       8168444  18  1 0   1 
564       8168444  18  1 0   1 
565       8168444  18  1 0   1 
566       8168444  18  1 0   1 
567       8168444  18  1 0   1 
568       8168444  18  1 0   1 
569       8168444  18  1 0   1 
570       8168444  18  1 0   1 
571       8168444  18  1 0   1 
572       8168444  18  1 0   1 
573       8168444  18  1 0   1 
574       8168444  18  1 0   1 
575       8168444  18  1 0   1 
576       8168444  18  1 0   1 
577       8168444  18  1 0   1 
578       8168444  18  1 0   1 
579       8168444  18  1 0   1 
580       8168444  18  1 0   1 
581       8168444  18  1 0   1 
582       8168444  18  1 0   1 
583       8168444  18  1 0   1 
584       8168444  18  1 0   1 
585       8168444  18  1 0   1 
586       8168444  18  1 0   1 
587       8168444  18  1 0   1 
588       8168444  18  1 0   1 
589       8168444  18  1 0   1 
590       8168444  18  1 0   1 
591       8168444  18  1 0   1 
592       8168444  18  1 0   1 
593       8168444  18  1 0   1 
594       8168444  18  1 0   1 
595       8168444  18  1 0   1 
596       8168444  18  1 0   1 
597       8168444  18  1 0   1 
598       8168444  18  1 0   1 
599       8168444  18  1 0   1 
600       8168444  18  1 0   1 
601       8168444  18  1 0   1 
602       8168444  18  1 0   1 
603       8168444  18  1 0   1 
604       8168444  18  1 0   1 
605       8168444  18  1 0   1 
606       8168444  18  1 0   1 
607       8168444  18  1 0   1 
608       8168444  18  1 0   1 
609       8168444  18  1 0   1 
610       8168444  18  1 0   1 
611       8168444  18  1 0   1 
612       8168444  18  1 0   1 
613       8168444  18  1 0   1 
614       8168444  18  1 0   1 
615       8168444  18  1 0   1 
616       8168444  18  1 0   1 
617       8168444  18  1 0   1 
618       8168444  18  1 0   1 
619       8168444  18  1 0   1 
620       8168444  18  1 0   1 
621       8168444  18  1 0   1 
622       8168444  18  1 0   1 
623       8168444  18  1 0   1 
624       8168444  18  1 0   1 
625       8168444  18  1 0   1 
626       8168444  18  1 0   1 
627       8168444  18  1 0   1 
628       8168444  18  1 0   1 
629       8168444  18  1 0   1 
630       8168444  18  1 0   1 
631       8168444  18  1 0   1 
632       8168444  18  1 0   1 
633       8168444  18  1 0   1 
634       8168444  18  1 0   1 
635       8168444  18  1 0   1 
636       8168444  18  1 0   1 
637       8168444  18  1 0   1 
638       8168444  18  1 0   1 
639       8168444  18  1 0   1 
640       8168444  18  1 0   1 
641       8168444  18  1 0   1 
642       8168444  18  1 0   1 
643       8168444  18  1 0   1 
644       8168444  18  1 0   1 
645       8168444  18  1 0   1 
646       8168444  18  1 0   1 
647       8168444  18  1 0   1 
648       8168444  18  1 0   1 
649       8168444  18  1 0   1 
650       8168444  18  1 0   1 
651       8168444  18  1 0   1 
652       8168444  18  1 0   1 
653       8168444  18  1 0   1 
654       8168444  18  1 0   1 
655       8168444  18  1 0   1 
656       8168444  18  1 0   1 
657       8168444  18  1 0   1 
658       8168444  18  1 0   1 
659       8168444  18  1 0   1 
660       8168444  18  1 0   1 
661       8168444  18  1 0   1 
662       8168444  18  1 0   1 
663       8168444  18  1 0   1 
664       8168444  18  1 0   1 
665       8168444  18  1 0   1 
666       8168444  18  1 0   1 
667       8168444  18  1 0   1 
668       8168444  18  1 0   1 
669       8168444  18  1 0   1 
670       8168444  18  1 0   1 
671       8168444  18  1 0   1 
672       8168444  18  1 0   1 
673       8168444  18  1 0   1 
674       8168444  18  1 0   1 
675       8168444  18  1 0   1 
676       8168444  18  1 0   1 
677       8168444  18  1 0   1 
678       8168444  18  1 0   1 
679       8168444  18  1 0   1 
680       8168444  18  1 0   1 
681       8168444  18  1 0   1 
682       8168444  18  1 0   1 
683       8168444  18  1 0   1 
684       8168444  18  1 0   1 
685       8168444  18  1 0   1 
686       8168444  18  1 0   1 
687       8168444  18  1 0   1 
688       8168444  18  1 0   1 
689       8168444  18  1 0   1 
690       8168444  18  1 0   1 
691       8168444  18  1 0   1 
692       8168444  18  1 0   1 
693       8168444  18  1 0   1 
694       8168444  18  1 0   1 
695       8168444  18  1 0   1 
696       8168444  18  1 0   1 
697       8168444  18  1 0   1 
698       8168444  18  1 0   1 
699       8168444  18  1 0   1 
700       8168444  18  1 0   1 
701       8168444  18  1 0   1 
702       8168444  18  1 0   1 
703       8168444  18  1 0   1 
704       8168444  18  1 0   1 
705       8168444  18  1 0   1 
706       8168444  18  1 0   1 
707       8168444  18  1 0   1 
708       8168444  18  1 0   1 
709       8168444  18  1 0   1 
710       8168444  18  1 0   1 
711       8168444  18  1 0   1 
712       8168444  18  1 0   1 
713       8168444  18  1 0   1 
714       8168444  18  1 0   1 
715       8168444  18  1 0   1 
716       8168444  18  1 0   1 
717       8168444  18  1 0   1 
718       8168444  18  1 0   1 
719       8168444  18  1 0   1 
720       8168444  18  1 0   1 
721       8168444  18  1 0   1 
722       8168444  18  1 0   1 
723       8168444  18  1 0   1 
724       8168444  18  1 0   1 
725       8168444  18  1 0   1 
726       8168444  18  1 0   1 
727       8168444  18  1 0   1 
728       8168444  18  1 0   1 
729       8168444  18  1 0   1 
730       8168444  18  1 0   1 
731       8168444  18  1 0   1 
732       8168444  18  1 0   1 
733       8168444  18  1 0   1 
734       8168444  18  1 0   1 
735       8168444  18  1 0   1 
736       8168444  18  1 0   1 
737       8168444  18  1 0   1 
738       8168444  18  1 0   1 
739       8168444  18  1 0   1 
740       8168444  18  1 0   1 
741       8168444  18  1 0   1 
742       8168444  18  1 0   1 
743       8168444  18  1 0   1 
744       8168444  18  1 0   1 
745       8168444  18  1 0   1 
746       8168444  18  1 0   1 
747       8168444  18  1 0   1 
748       8168444  18  1 0   1 
749       8168444  18  1 0   1 
750       8168444  18  1 0   1 
751       8168444  18  1 0   1 
752       8168444  18  1 0   1 
753       8168444  18  1 0   1 
754       8168444  18  1 0   1 
755       8168444  18  1 0   1 
756       8168444  18  1 0   1 
757       8168444  18  1 0   1 
758       8168444  18  1 0   1 
759       8168444  18  1 0   1 
760       8168444  18  1 0   1 
761       8168444  18  1 0   1 
762       8168444  18  1 0   1 
763       8168444  18  1 0   1 
764       8168444  18  1 0   1 
765       8168444  18  1 0   1 
766       8168444  18  1 0   1 
767       8168444  18  1 0   1 
768       8168444  18  1 0   1 
769       8168444  18  1 0   1 
770       8168444  18  1 0   1 
771       8168444  18  1 0   1 
772       8168444  18  1 0   1 
773       8168444  18  1 0   1 
774       8168444  18  1 0   1 
775       8168444  18  1 0   1 
776       8168444  18  1 0   1 
777       8168444  18  1 0   1 
778       8168444  18  1 0   1 
779       8168444  18  1 0   1 
780       8168444  18  1 0   1 
781       8168444  18  1 0   1 
782       8168444  18  1 0   1 
783       8168444  18  1 0   1 
784       8168444  18  1 0   1 
785       8168444  18  1 0   1 
786       8168444  18  1 0   1 
787       8168444  18  1 0   1 
788       8168444  18  1 0   1 
789       8168444  18  1 0   1 
790       8168444  18  1 0   1 
791       8168444  18  1 0   1 
792       8168444  18  1 0   1 
793       8168444  18  1 0   1 
794       8168444  18  1 0   1 
795       8168444  18  1 0   1 
796       8168444  18  1 0   1 
797       8168444  18  1 0   1 
798       8168444  18  1 0   1 
799       8168444  18  1 0   1 
800       8168444  18  1 0   1 
801       8168444  18  1 0   1 
802       8168444  18  1 0   1 
803       8168444  18  1 0   1 
804       8168444  18  1 0   1 
805       8168444  18  1 0   1 
806       8168444  18  1 0   1 
807       8168444  18  1 0   1 
808       8168444  18  1 0   1 
809       8168444  18  1 0   1 
810       8168444  18  1 0   1 
811       8168444  18  1 0   1 
812       8168444  18  1 0   1 
813       8168444  18  1 0   1 
814       8168444  18  1 0   1 
815       8168444  18  1 0   1 
816       8168444  18  1 0   1 
817       8168444  18  1 0   1 
818       8168444  18  1 0   1 
819       8168444  18  1 0   1 
820       8168444  18  1 0   1 
821       8168444  18  1 0   1 
822       8168444  18  1 0   1 
823       8168444  18  1 0   1 
824       8168444  18  1 0   1 
825       8168444  18  1 0   1 
826       8168444  18  1 0   1 
827       8168444  18  1 0   1 
828       8168444  18  1 0   1 
829       8168444  18  1 0   1 
830       8168444  18  1 0   1 
831       8168444  18  1 0   1 
832       8168444  18  1 0   1 
833       8168444  18  1 0   1 
834       8168444  18  1 0   1 
835       8168444  18  1 0   1 
836       8168444  18  1 0   1 
837       8168444  18  1 0   1 
838       8168444  18  1 0   1 
839       8168444  18  1 0   1 
840       8168444  18  1 0   1 
841       8168444  18  1 0   1 
842       8168444  18  1 0   1 
843       8168444  18  1 0   1 
844       8168444  18  1 0   1 
845       8168444  18  1 0   1 
846       8168444  18  1 0   1 
847       8168444  18  1 0   1 
848       8168444  18  1 0   1 
849       8168444  18  1 0   1 
850       8168444  18  1 0   1 
851       8168444  18  1 0   1 
852       8168444  18  1 0   1 
853       8168444  18  1 0   1 
854       8168444  18  1 0   1 
855       8168444  18  1 0   1 
856       8168444  18  1 0   1 
857       8168444  18  1 0   1 
858       8168444  18  1 0   1 
859       8168444  18  1 0   1 
860       8168444  18  1 0   1 
861       8168444  18  1 0   1 
862       8168444  18  1 0   1 
863       8168444  18  1 0   1 
864       8168444  18  1 0   1 
865       8168444  18  1 0   1 
866       8168444  18  1 0   1 
867       8168444  18  1 0   1 
868       8168444  18  1 0   1 
869       8168444  18  1 0   1 
870       8168444  18  1 0   1 
871       8168444  18  1 0   1 
872       8168444  18  1 0   1 
873       8168444  18  1 0   1 
874       8168444  18  1 0   1 
875       8168444  18  1 0   1 
876       8168444  18  1 0   1 
877       8168444  18  1 0   1 
878       8168444  18  1 0   1 
879       8168444  18  1 0   1 
880       8168444  18  1 0   1 
881       8168444  18  1 0   1 
882       8168444  18  1 0   1 
883       8168444  18  1 0   1 
884       8168444  18  1 0   1 
885       8168444  18  1 0   1 
886       8168444  18  1 0   1 
887       8168444  18  1 0   1 
888       8168444  18  1 0   1 
889       8168444  18  1 0   1 
890       8168444  18  1 0   1 
891       8168444  18  1 0   1 
892       8168444  18  1 0   1 
893       8168444  18  1 0   1 
894       8168444  18  1 0   1 
895       8168444  18  1 0   1 
