Signal Legend:

Key        Signal Name

0        = values_out
1        = sbox_out
2        = counter_test
3        = test_out
4        = done_out

Data Table:

Signals-> 0        1   2   3 4 

sample

-128      0        00h 0   0 0 
-127      0        00h 0   0 0 
-126      0        00h 0   0 0 
-125      0        00h 0   0 0 
-124      0        00h 0   0 0 
-123      0        00h 0   0 0 
-122      0        00h 0   0 0 
-121      0        00h 0   0 0 
-120      0        00h 0   0 0 
-119      0        00h 0   0 0 
-118      0        00h 0   0 0 
-117      0        00h 0   0 0 
-116      0        00h 0   0 0 
-115      0        00h 0   0 0 
-114      0        00h 0   0 0 
-113      0        00h 0   0 0 
-112      0        00h 0   0 0 
-111      0        00h 0   0 0 
-110      0        00h 0   0 0 
-109      0        00h 0   0 0 
-108      0        00h 0   0 0 
-107      0        00h 0   0 0 
-106      0        00h 0   0 0 
-105      0        00h 0   0 0 
-104      0        00h 0   0 0 
-103      0        00h 0   0 0 
-102      0        00h 0   0 0 
-101      0        00h 0   0 0 
-100      0        00h 0   0 0 
-99       0        00h 0   0 0 
-98       0        00h 0   0 0 
-97       0        00h 0   0 0 
-96       0        00h 0   0 0 
-95       0        00h 0   0 0 
-94       0        00h 0   0 0 
-93       0        00h 0   0 0 
-92       0        00h 0   0 0 
-91       0        00h 0   0 0 
-90       0        00h 0   0 0 
-89       0        00h 0   0 0 
-88       0        00h 0   0 0 
-87       0        00h 0   0 0 
-86       0        00h 0   0 0 
-85       0        00h 0   0 0 
-84       0        00h 0   0 0 
-83       0        00h 0   0 0 
-82       0        00h 0   0 0 
-81       0        00h 0   0 0 
-80       0        00h 0   0 0 
-79       0        00h 0   0 0 
-78       0        00h 0   0 0 
-77       0        00h 0   0 0 
-76       0        00h 0   0 0 
-75       0        00h 0   0 0 
-74       0        00h 0   0 0 
-73       0        00h 0   0 0 
-72       0        00h 0   0 0 
-71       0        00h 0   0 0 
-70       0        00h 0   0 0 
-69       0        00h 0   0 0 
-68       0        00h 0   0 0 
-67       0        00h 0   0 0 
-66       0        00h 0   0 0 
-65       0        00h 0   0 0 
-64       0        00h 0   0 0 
-63       0        00h 0   0 0 
-62       0        00h 0   0 0 
-61       0        00h 0   0 0 
-60       0        00h 0   0 0 
-59       0        00h 0   0 0 
-58       0        00h 0   0 0 
-57       0        00h 0   0 0 
-56       0        00h 0   0 0 
-55       0        00h 0   0 0 
-54       0        00h 0   0 0 
-53       0        00h 0   0 0 
-52       0        00h 0   0 0 
-51       0        00h 0   0 0 
-50       0        00h 0   0 0 
-49       0        00h 0   0 0 
-48       0        00h 0   0 0 
-47       0        00h 0   0 0 
-46       0        00h 0   0 0 
-45       0        00h 0   0 0 
-44       0        00h 0   0 0 
-43       0        00h 0   0 0 
-42       0        00h 0   0 0 
-41       0        00h 0   0 0 
-40       0        00h 0   0 0 
-39       0        00h 0   0 0 
-38       0        00h 0   0 0 
-37       0        00h 0   0 0 
-36       0        00h 0   0 0 
-35       0        00h 0   0 0 
-34       0        00h 0   0 0 
-33       0        00h 0   0 0 
-32       0        00h 0   0 0 
-31       0        00h 0   0 0 
-30       0        00h 0   0 0 
-29       0        00h 0   0 0 
-28       0        00h 0   0 0 
-27       0        00h 0   0 0 
-26       0        00h 0   0 0 
-25       0        00h 0   0 0 
-24       0        00h 0   0 0 
-23       0        00h 0   0 0 
-22       0        00h 0   0 0 
-21       0        00h 0   0 0 
-20       0        00h 0   0 0 
-19       0        00h 0   0 0 
-18       0        00h 0   0 0 
-17       0        00h 0   0 0 
-16       0        00h 0   0 0 
-15       0        00h 0   0 0 
-14       0        00h 0   0 0 
-13       0        00h 0   0 0 
-12       0        00h 0   0 0 
-11       0        00h 0   0 0 
-10       0        00h 0   0 0 
-9        0        00h 0   0 0 
-8        0        00h 0   0 0 
-7        0        00h 0   0 0 
-6        0        00h 0   0 0 
-5        0        00h 0   0 0 
-4        0        00h 0   0 0 
-3        0        00h 0   0 0 
-2        0        00h 0   0 0 
-1        0        00h 0   0 0 
0         -8342430 5Bh 0   1 0 
1         -8342430 5Bh 1   1 0 
2         -8258049 3Eh 2   1 0 
3         -8244848 3Dh 3   1 0 
4         -8156683 46h 4   1 0 
5         -8010835 90h 5   1 0 
6         -7991699 C4h 6   1 0 
7         -7939568 54h 7   1 0 
8         -7913959 0Eh 8   1 0 
9         -7885507 19h 9   1 0 
10        -7692961 A8h 10  1 0 
11        -7543185 A2h 11  1 0 
12        -7506504 8Dh 12  1 0 
13        -7460561 8Ch 13  1 0 
14        -7352418 78h 14  1 0 
15        -7255692 FEh 15  1 0 
16        -7179143 DAh 16  1 0 
17        -7131757 F9h 17  1 0 
18        -7100750 9Ch 18  1 0 
19        -7084692 83h 19  1 0 
20        -7035762 81h 20  1 0 
21        -7022183 4Eh 21  1 0 
22        -6872935 B5h 22  1 0 
23        -6840368 25h 23  1 0 
24        -6784188 BAh 24  1 0 
25        -6760974 1Dh 25  1 0 
26        -6696664 9Fh 26  1 0 
27        -6444668 23h 27  1 0 
28        -6425294 44h 28  1 0 
29        -6397058 1Bh 29  1 0 
30        -6375019 ACh 30  1 0 
31        -6372989 16h 31  1 0 
32        -6331527 B2h 32  1 0 
33        -6282192 8Eh 33  1 0 
34        -6278495 61h 34  1 0 
35        -6257092 4Dh 35  1 0 
36        -6210641 71h 36  1 0 
37        -6169434 65h 37  1 0 
38        -5934854 72h 38  1 0 
39        -5902054 59h 39  1 0 
40        -5768145 15h 40  1 0 
41        -5765514 F0h 41  1 0 
42        -5727875 0Fh 42  1 0 
43        -5662030 43h 43  1 0 
44        -5466858 B3h 44  1 0 
45        -5455318 84h 45  1 0 
46        -5437154 63h 46  1 0 
47        -5411027 98h 47  1 0 
48        -5398607 0Bh 48  1 0 
49        -5392251 10h 49  1 0 
50        -5379458 37h 50  1 0 
51        -5347231 EFh 51  1 0 
52        -5257715 A7h 52  1 0 
53        -5147991 5Dh 53  1 0 
54        -5023859 91h 54  1 0 
55        -4969418 ABh 55  1 0 
56        -4895746 BBh 56  1 0 
57        -4891956 38h 57  1 0 
58        -4880414 07h 58  1 0 
59        -4858240 E3h 59  1 0 
60        -4850210 F4h 60  1 0 
61        -4750323 C0h 61  1 0 
62        -4735808 17h 62  1 0 
63        -4534209 D1h 63  1 0 
64        -4520458 C2h 64  1 0 
65        -4394730 62h 65  1 0 
66        -4244808 E5h 66  1 0 
67        -4231842 D3h 67  1 0 
68        -4225023 2Eh 68  1 0 
69        -4158328 ADh 69  1 0 
70        -4108686 3Fh 70  1 0 
71        -4101096 EEh 71  1 0 
72        -4040871 AEh 72  1 0 
73        -4037094 FAh 73  1 0 
74        -3931279 A9h 74  1 0 
75        -3819086 EDh 75  1 0 
76        -3818989 A0h 76  1 0 
77        -3668761 D9h 77  1 0 
78        -3647293 6Bh 78  1 0 
79        -3522032 6Ch 79  1 0 
80        -3461648 97h 80  1 0 
81        -3448315 77h 81  1 0 
82        -3356099 39h 82  1 0 
83        -3327848 53h 83  1 0 
84        -3313363 A3h 84  1 0 
85        -3280115 D4h 85  1 0 
86        -3238863 27h 86  1 0 
87        -3183688 4Ch 87  1 0 
88        -3103063 99h 88  1 0 
89        -3042603 85h 89  1 0 
90        -2889519 E4h 90  1 0 
91        -2838147 3Bh 91  1 0 
92        -2832737 7Dh 92  1 0 
93        -2657847 B6h 93  1 0 
94        -2601747 B0h 94  1 0 
95        -2480133 BFh 95  1 0 
96        -2472170 5Eh 96  1 0 
97        -2456781 52h 97  1 0 
98        -2216152 86h 98  1 0 
99        -2214378 11h 99  1 0 
100       -2198242 49h 100 1 0 
101       -2187478 34h 101 1 0 
102       -2134292 87h 102 1 0 
103       -2127513 93h 103 1 0 
104       -2056450 C3h 104 1 0 
105       -1987764 FCh 105 1 0 
106       -1986922 E9h 106 1 0 
107       -1922597 2Dh 107 1 0 
108       -1920567 B7h 108 1 0 
109       -1861587 B8h 109 1 0 
110       -1565696 00h 110 1 0 
111       -1545141 36h 111 1 0 
112       -1522719 74h 112 1 0 
113       -1491218 45h 113 1 0 
114       -1486554 08h 114 1 0 
115       -1441921 6Dh 115 1 0 
116       -1417808 31h 116 1 0 
117       -1399498 8Fh 117 1 0 
118       -1330075 DBh 118 1 0 
119       -1144395 7Eh 119 1 0 
120       -1122912 60h 120 1 0 
121       -1030519 47h 121 1 0 
122       -992966  55h 122 1 0 
123       -970223  02h 123 1 0 
124       -944135  C8h 124 1 0 
125       -922124  B9h 125 1 0 
126       -896156  6Eh 126 1 0 
127       -889696  4Bh 127 1 0 
128       -754348  32h 128 1 0 
129       -649423  AAh 129 1 0 
130       -576183  FFh 130 1 0 
131       -563707  A4h 131 1 0 
132       -508049  2Bh 132 1 0 
133       -401027  A6h 133 1 0 
134       -353174  AFh 134 1 0 
135       -345829  C1h 135 1 0 
136       -309462  5Fh 136 1 0 
137       -270096  DCh 137 1 0 
138       -192627  F5h 138 1 0 
139       -139124  67h 139 1 0 
140       -131874  1Ch 140 1 0 
141       -28456   9Dh 141 1 0 
142       -772     6Ah 142 1 0 
143       37032    C7h 143 1 0 
144       240681   F7h 144 1 0 
145       263827   70h 145 1 0 
146       411591   9Bh 146 1 0 
147       507829   80h 147 1 0 
148       551418   FDh 148 1 0 
149       658007   3Ch 149 1 0 
150       700748   18h 150 1 0 
151       802274   01h 151 1 0 
152       821613   76h 152 1 0 
153       883747   DDh 153 1 0 
154       896095   05h 154 1 0 
155       947077   96h 155 1 0 
156       950494   D2h 156 1 0 
157       1004921  1Fh 157 1 0 
158       1043870  48h 158 1 0 
159       1139874  E2h 159 1 0 
160       1158150  A5h 160 1 0 
161       1209867  EBh 161 1 0 
162       1305698  CFh 162 1 0 
163       1311420  92h 163 1 0 
164       1414558  13h 164 1 0 
165       1424332  B1h 165 1 0 
166       1458886  7Ah 166 1 0 
167       1477911  56h 167 1 0 
168       1519064  D8h 168 1 0 
169       1529924  B4h 169 1 0 
170       1545357  03h 170 1 0 
171       1558617  4Ah 171 1 0 
172       1798430  1Ah 172 1 0 
173       1783833  06h 173 1 0 
174       1810968  7Ch 174 1 0 
175       1860234  50h 175 1 0 
176       1989329  8Ah 176 1 0 
177       2008931  FBh 177 1 0 
178       2011855  EAh 178 1 0 
179       2054039  A1h 179 1 0 
180       2182546  F2h 180 1 0 
181       2316941  D6h 181 1 0 
182       2328815  E6h 182 1 0 
183       2354199  95h 183 1 0 
184       2358401  F1h 184 1 0 
185       2473965  22h 185 1 0 
186       2485656  2Ah 186 1 0 
187       2561340  1Eh 187 1 0 
188       2573563  D0h 188 1 0 
189       2617499  8Bh 189 1 0 
190       2671668  E8h 190 1 0 
191       2794814  5Ch 191 1 0 
192       2884288  64h 192 1 0 
193       2899799  E0h 193 1 0 
194       2953925  66h 194 1 0 
195       3030248  F8h 195 1 0 
196       3041789  57h 196 1 0 
197       3130261  04h 197 1 0 
198       3139400  21h 198 1 0 
199       3187870  CDh 199 1 0 
200       3195882  F3h 200 1 0 
201       3415449  5Ah 201 1 0 
202       3489961  33h 202 1 0 
203       3544275  D5h 203 1 0 
204       3777617  41h 204 1 0 
205       3747016  0Dh 205 1 0 
206       3751788  26h 206 1 0 
207       3690639  20h 207 1 0 
208       3727263  28h 208 1 0 
209       3740481  4Fh 209 1 0 
210       3830059  0Ah 210 1 0 
211       4024172  CEh 211 1 0 
212       4228211  3Ah 212 1 0 
213       4241745  88h 213 1 0 
214       4290627  C9h 214 1 0 
215       4324821  2Fh 215 1 0 
216       4448362  CCh 216 1 0 
217       4465743  94h 217 1 0 
218       4723128  BDh 218 1 0 
219       4725063  E1h 219 1 0 
220       4898304  82h 220 1 0 
221       4944884  9Ah 221 1 0 
222       5235374  DFh 222 1 0 
223       5326291  58h 223 1 0 
224       5360831  C5h 224 1 0 
225       5501003  CAh 225 1 0 
226       5567995  7Bh 226 1 0 
227       5791857  89h 227 1 0 
228       5887750  0Ch 228 1 0 
229       5983386  09h 229 1 0 
230       6082899  9Eh 230 1 0 
231       6132973  35h 231 1 0 
232       6154530  D7h 232 1 0 
233       6290084  79h 233 1 0 
234       6310481  30h 234 1 0 
235       6329010  BCh 235 1 0 
236       6329157  73h 236 1 0 
237       6516059  E7h 237 1 0 
238       6675436  14h 238 1 0 
239       6803580  51h 239 1 0 
240       6916851  42h 240 1 0 
241       6951960  75h 241 1 0 
242       6976209  68h 242 1 0 
243       7200005  40h 243 1 0 
244       7214770  DEh 244 1 0 
245       7224094  7Fh 245 1 0 
246       7238592  24h 246 1 0 
247       7370735  C6h 247 1 0 
248       7434108  F6h 248 1 0 
249       7452508  29h 249 1 0 
250       7457785  6Fh 250 1 0 
251       7520550  69h 251 1 0 
252       7670831  ECh 252 1 0 
253       7674869  2Ch 253 1 0 
254       8140431  BEh 254 1 0 
255       8141657  CBh 255 1 0 
256       8168316  12h 0   0 0 
257       8168316  12h 0   0 1 
258       8168316  12h 0   0 1 
259       8168316  12h 0   0 1 
260       8168316  12h 0   0 1 
261       8168316  12h 0   0 1 
262       8168316  12h 0   0 1 
263       8168316  12h 0   0 1 
264       8168316  12h 0   0 1 
265       8168316  12h 0   0 1 
266       8168316  12h 0   0 1 
267       8168316  12h 0   0 1 
268       8168316  12h 0   0 1 
269       8168316  12h 0   0 1 
270       8168316  12h 0   0 1 
271       8168316  12h 0   0 1 
272       8168316  12h 0   0 1 
273       8168316  12h 0   0 1 
274       8168316  12h 0   0 1 
275       8168316  12h 0   0 1 
276       8168316  12h 0   0 1 
277       8168316  12h 0   0 1 
278       8168316  12h 0   0 1 
279       8168316  12h 0   0 1 
280       8168316  12h 0   0 1 
281       8168316  12h 0   0 1 
282       8168316  12h 0   0 1 
283       8168316  12h 0   0 1 
284       8168316  12h 0   0 1 
285       8168316  12h 0   0 1 
286       8168316  12h 0   0 1 
287       8168316  12h 0   0 1 
288       8168316  12h 0   0 1 
289       8168316  12h 0   0 1 
290       8168316  12h 0   0 1 
291       8168316  12h 0   0 1 
292       8168316  12h 0   0 1 
293       8168316  12h 0   0 1 
294       8168316  12h 0   0 1 
295       8168316  12h 0   0 1 
296       8168316  12h 0   0 1 
297       8168316  12h 0   0 1 
298       8168316  12h 0   0 1 
299       8168316  12h 0   0 1 
300       8168316  12h 0   0 1 
301       8168316  12h 0   0 1 
302       8168316  12h 0   0 1 
303       8168316  12h 0   0 1 
304       8168316  12h 0   0 1 
305       8168316  12h 0   0 1 
306       8168316  12h 0   0 1 
307       8168316  12h 0   0 1 
308       8168316  12h 0   0 1 
309       8168316  12h 0   0 1 
310       8168316  12h 0   0 1 
311       8168316  12h 0   0 1 
312       8168316  12h 0   0 1 
313       8168316  12h 0   0 1 
314       8168316  12h 0   0 1 
315       8168316  12h 0   0 1 
316       8168316  12h 0   0 1 
317       8168316  12h 0   0 1 
318       8168316  12h 0   0 1 
319       8168316  12h 0   0 1 
320       8168316  12h 0   0 1 
321       8168316  12h 0   0 1 
322       8168316  12h 0   0 1 
323       8168316  12h 0   0 1 
324       8168316  12h 0   0 1 
325       8168316  12h 0   0 1 
326       8168316  12h 0   0 1 
327       8168316  12h 0   0 1 
328       8168316  12h 0   0 1 
329       8168316  12h 0   0 1 
330       8168316  12h 0   0 1 
331       8168316  12h 0   0 1 
332       8168316  12h 0   0 1 
333       8168316  12h 0   0 1 
334       8168316  12h 0   0 1 
335       8168316  12h 0   0 1 
336       8168316  12h 0   0 1 
337       8168316  12h 0   0 1 
338       8168316  12h 0   0 1 
339       8168316  12h 0   0 1 
340       8168316  12h 0   0 1 
341       8168316  12h 0   0 1 
342       8168316  12h 0   0 1 
343       8168316  12h 0   0 1 
344       8168316  12h 0   0 1 
345       8168316  12h 0   0 1 
346       8168316  12h 0   0 1 
347       8168316  12h 0   0 1 
348       8168316  12h 0   0 1 
349       8168316  12h 0   0 1 
350       8168316  12h 0   0 1 
351       8168316  12h 0   0 1 
352       8168316  12h 0   0 1 
353       8168316  12h 0   0 1 
354       8168316  12h 0   0 1 
355       8168316  12h 0   0 1 
356       8168316  12h 0   0 1 
357       8168316  12h 0   0 1 
358       8168316  12h 0   0 1 
359       8168316  12h 0   0 1 
360       8168316  12h 0   0 1 
361       8168316  12h 0   0 1 
362       8168316  12h 0   0 1 
363       8168316  12h 0   0 1 
364       8168316  12h 0   0 1 
365       8168316  12h 0   0 1 
366       8168316  12h 0   0 1 
367       8168316  12h 0   0 1 
368       8168316  12h 0   0 1 
369       8168316  12h 0   0 1 
370       8168316  12h 0   0 1 
371       8168316  12h 0   0 1 
372       8168316  12h 0   0 1 
373       8168316  12h 0   0 1 
374       8168316  12h 0   0 1 
375       8168316  12h 0   0 1 
376       8168316  12h 0   0 1 
377       8168316  12h 0   0 1 
378       8168316  12h 0   0 1 
379       8168316  12h 0   0 1 
380       8168316  12h 0   0 1 
381       8168316  12h 0   0 1 
382       8168316  12h 0   0 1 
383       8168316  12h 0   0 1 
384       8168316  12h 0   0 1 
385       8168316  12h 0   0 1 
386       8168316  12h 0   0 1 
387       8168316  12h 0   0 1 
388       8168316  12h 0   0 1 
389       8168316  12h 0   0 1 
390       8168316  12h 0   0 1 
391       8168316  12h 0   0 1 
392       8168316  12h 0   0 1 
393       8168316  12h 0   0 1 
394       8168316  12h 0   0 1 
395       8168316  12h 0   0 1 
396       8168316  12h 0   0 1 
397       8168316  12h 0   0 1 
398       8168316  12h 0   0 1 
399       8168316  12h 0   0 1 
400       8168316  12h 0   0 1 
401       8168316  12h 0   0 1 
402       8168316  12h 0   0 1 
403       8168316  12h 0   0 1 
404       8168316  12h 0   0 1 
405       8168316  12h 0   0 1 
406       8168316  12h 0   0 1 
407       8168316  12h 0   0 1 
408       8168316  12h 0   0 1 
409       8168316  12h 0   0 1 
410       8168316  12h 0   0 1 
411       8168316  12h 0   0 1 
412       8168316  12h 0   0 1 
413       8168316  12h 0   0 1 
414       8168316  12h 0   0 1 
415       8168316  12h 0   0 1 
416       8168316  12h 0   0 1 
417       8168316  12h 0   0 1 
418       8168316  12h 0   0 1 
419       8168316  12h 0   0 1 
420       8168316  12h 0   0 1 
421       8168316  12h 0   0 1 
422       8168316  12h 0   0 1 
423       8168316  12h 0   0 1 
424       8168316  12h 0   0 1 
425       8168316  12h 0   0 1 
426       8168316  12h 0   0 1 
427       8168316  12h 0   0 1 
428       8168316  12h 0   0 1 
429       8168316  12h 0   0 1 
430       8168316  12h 0   0 1 
431       8168316  12h 0   0 1 
432       8168316  12h 0   0 1 
433       8168316  12h 0   0 1 
434       8168316  12h 0   0 1 
435       8168316  12h 0   0 1 
436       8168316  12h 0   0 1 
437       8168316  12h 0   0 1 
438       8168316  12h 0   0 1 
439       8168316  12h 0   0 1 
440       8168316  12h 0   0 1 
441       8168316  12h 0   0 1 
442       8168316  12h 0   0 1 
443       8168316  12h 0   0 1 
444       8168316  12h 0   0 1 
445       8168316  12h 0   0 1 
446       8168316  12h 0   0 1 
447       8168316  12h 0   0 1 
448       8168316  12h 0   0 1 
449       8168316  12h 0   0 1 
450       8168316  12h 0   0 1 
451       8168316  12h 0   0 1 
452       8168316  12h 0   0 1 
453       8168316  12h 0   0 1 
454       8168316  12h 0   0 1 
455       8168316  12h 0   0 1 
456       8168316  12h 0   0 1 
457       8168316  12h 0   0 1 
458       8168316  12h 0   0 1 
459       8168316  12h 0   0 1 
460       8168316  12h 0   0 1 
461       8168316  12h 0   0 1 
462       8168316  12h 0   0 1 
463       8168316  12h 0   0 1 
464       8168316  12h 0   0 1 
465       8168316  12h 0   0 1 
466       8168316  12h 0   0 1 
467       8168316  12h 0   0 1 
468       8168316  12h 0   0 1 
469       8168316  12h 0   0 1 
470       8168316  12h 0   0 1 
471       8168316  12h 0   0 1 
472       8168316  12h 0   0 1 
473       8168316  12h 0   0 1 
474       8168316  12h 0   0 1 
475       8168316  12h 0   0 1 
476       8168316  12h 0   0 1 
477       8168316  12h 0   0 1 
478       8168316  12h 0   0 1 
479       8168316  12h 0   0 1 
480       8168316  12h 0   0 1 
481       8168316  12h 0   0 1 
482       8168316  12h 0   0 1 
483       8168316  12h 0   0 1 
484       8168316  12h 0   0 1 
485       8168316  12h 0   0 1 
486       8168316  12h 0   0 1 
487       8168316  12h 0   0 1 
488       8168316  12h 0   0 1 
489       8168316  12h 0   0 1 
490       8168316  12h 0   0 1 
491       8168316  12h 0   0 1 
492       8168316  12h 0   0 1 
493       8168316  12h 0   0 1 
494       8168316  12h 0   0 1 
495       8168316  12h 0   0 1 
496       8168316  12h 0   0 1 
497       8168316  12h 0   0 1 
498       8168316  12h 0   0 1 
499       8168316  12h 0   0 1 
500       8168316  12h 0   0 1 
501       8168316  12h 0   0 1 
502       8168316  12h 0   0 1 
503       8168316  12h 0   0 1 
504       8168316  12h 0   0 1 
505       8168316  12h 0   0 1 
506       8168316  12h 0   0 1 
507       8168316  12h 0   0 1 
508       8168316  12h 0   0 1 
509       8168316  12h 0   0 1 
510       8168316  12h 0   0 1 
511       8168316  12h 0   0 1 
512       8168316  12h 0   0 1 
513       8168316  12h 0   0 1 
514       8168316  12h 0   0 1 
515       8168316  12h 0   0 1 
516       8168316  12h 0   0 1 
517       8168316  12h 0   0 1 
518       8168316  12h 0   0 1 
519       8168316  12h 0   0 1 
520       8168316  12h 0   0 1 
521       8168316  12h 0   0 1 
522       8168316  12h 0   0 1 
523       8168316  12h 0   0 1 
524       8168316  12h 0   0 1 
525       8168316  12h 0   0 1 
526       8168316  12h 0   0 1 
527       8168316  12h 0   0 1 
528       8168316  12h 0   0 1 
529       8168316  12h 0   0 1 
530       8168316  12h 0   0 1 
531       8168316  12h 0   0 1 
532       8168316  12h 0   0 1 
533       8168316  12h 0   0 1 
534       8168316  12h 0   0 1 
535       8168316  12h 0   0 1 
536       8168316  12h 0   0 1 
537       8168316  12h 0   0 1 
538       8168316  12h 0   0 1 
539       8168316  12h 0   0 1 
540       8168316  12h 0   0 1 
541       8168316  12h 0   0 1 
542       8168316  12h 0   0 1 
543       8168316  12h 0   0 1 
544       8168316  12h 0   0 1 
545       8168316  12h 0   0 1 
546       8168316  12h 0   0 1 
547       8168316  12h 0   0 1 
548       8168316  12h 0   0 1 
549       8168316  12h 0   0 1 
550       8168316  12h 0   0 1 
551       8168316  12h 0   0 1 
552       8168316  12h 0   0 1 
553       8168316  12h 0   0 1 
554       8168316  12h 0   0 1 
555       8168316  12h 0   0 1 
556       8168316  12h 0   0 1 
557       8168316  12h 0   0 1 
558       8168316  12h 0   0 1 
559       8168316  12h 0   0 1 
560       8168316  12h 0   0 1 
561       8168316  12h 0   0 1 
562       8168316  12h 0   0 1 
563       8168316  12h 0   0 1 
564       8168316  12h 0   0 1 
565       8168316  12h 0   0 1 
566       8168316  12h 0   0 1 
567       8168316  12h 0   0 1 
568       8168316  12h 0   0 1 
569       8168316  12h 0   0 1 
570       8168316  12h 0   0 1 
571       8168316  12h 0   0 1 
572       8168316  12h 0   0 1 
573       8168316  12h 0   0 1 
574       8168316  12h 0   0 1 
575       8168316  12h 0   0 1 
576       8168316  12h 0   0 1 
577       8168316  12h 0   0 1 
578       8168316  12h 0   0 1 
579       8168316  12h 0   0 1 
580       8168316  12h 0   0 1 
581       8168316  12h 0   0 1 
582       8168316  12h 0   0 1 
583       8168316  12h 0   0 1 
584       8168316  12h 0   0 1 
585       8168316  12h 0   0 1 
586       8168316  12h 0   0 1 
587       8168316  12h 0   0 1 
588       8168316  12h 0   0 1 
589       8168316  12h 0   0 1 
590       8168316  12h 0   0 1 
591       8168316  12h 0   0 1 
592       8168316  12h 0   0 1 
593       8168316  12h 0   0 1 
594       8168316  12h 0   0 1 
595       8168316  12h 0   0 1 
596       8168316  12h 0   0 1 
597       8168316  12h 0   0 1 
598       8168316  12h 0   0 1 
599       8168316  12h 0   0 1 
600       8168316  12h 0   0 1 
601       8168316  12h 0   0 1 
602       8168316  12h 0   0 1 
603       8168316  12h 0   0 1 
604       8168316  12h 0   0 1 
605       8168316  12h 0   0 1 
606       8168316  12h 0   0 1 
607       8168316  12h 0   0 1 
608       8168316  12h 0   0 1 
609       8168316  12h 0   0 1 
610       8168316  12h 0   0 1 
611       8168316  12h 0   0 1 
612       8168316  12h 0   0 1 
613       8168316  12h 0   0 1 
614       8168316  12h 0   0 1 
615       8168316  12h 0   0 1 
616       8168316  12h 0   0 1 
617       8168316  12h 0   0 1 
618       8168316  12h 0   0 1 
619       8168316  12h 0   0 1 
620       8168316  12h 0   0 1 
621       8168316  12h 0   0 1 
622       8168316  12h 0   0 1 
623       8168316  12h 0   0 1 
624       8168316  12h 0   0 1 
625       8168316  12h 0   0 1 
626       8168316  12h 0   0 1 
627       8168316  12h 0   0 1 
628       8168316  12h 0   0 1 
629       8168316  12h 0   0 1 
630       8168316  12h 0   0 1 
631       8168316  12h 0   0 1 
632       8168316  12h 0   0 1 
633       8168316  12h 0   0 1 
634       8168316  12h 0   0 1 
635       8168316  12h 0   0 1 
636       8168316  12h 0   0 1 
637       8168316  12h 0   0 1 
638       8168316  12h 0   0 1 
639       8168316  12h 0   0 1 
640       8168316  12h 0   0 1 
641       8168316  12h 0   0 1 
642       8168316  12h 0   0 1 
643       8168316  12h 0   0 1 
644       8168316  12h 0   0 1 
645       8168316  12h 0   0 1 
646       8168316  12h 0   0 1 
647       8168316  12h 0   0 1 
648       8168316  12h 0   0 1 
649       8168316  12h 0   0 1 
650       8168316  12h 0   0 1 
651       8168316  12h 0   0 1 
652       8168316  12h 0   0 1 
653       8168316  12h 0   0 1 
654       8168316  12h 0   0 1 
655       8168316  12h 0   0 1 
656       8168316  12h 0   0 1 
657       8168316  12h 0   0 1 
658       8168316  12h 0   0 1 
659       8168316  12h 0   0 1 
660       8168316  12h 0   0 1 
661       8168316  12h 0   0 1 
662       8168316  12h 0   0 1 
663       8168316  12h 0   0 1 
664       8168316  12h 0   0 1 
665       8168316  12h 0   0 1 
666       8168316  12h 0   0 1 
667       8168316  12h 0   0 1 
668       8168316  12h 0   0 1 
669       8168316  12h 0   0 1 
670       8168316  12h 0   0 1 
671       8168316  12h 0   0 1 
672       8168316  12h 0   0 1 
673       8168316  12h 0   0 1 
674       8168316  12h 0   0 1 
675       8168316  12h 0   0 1 
676       8168316  12h 0   0 1 
677       8168316  12h 0   0 1 
678       8168316  12h 0   0 1 
679       8168316  12h 0   0 1 
680       8168316  12h 0   0 1 
681       8168316  12h 0   0 1 
682       8168316  12h 0   0 1 
683       8168316  12h 0   0 1 
684       8168316  12h 0   0 1 
685       8168316  12h 0   0 1 
686       8168316  12h 0   0 1 
687       8168316  12h 0   0 1 
688       8168316  12h 0   0 1 
689       8168316  12h 0   0 1 
690       8168316  12h 0   0 1 
691       8168316  12h 0   0 1 
692       8168316  12h 0   0 1 
693       8168316  12h 0   0 1 
694       8168316  12h 0   0 1 
695       8168316  12h 0   0 1 
696       8168316  12h 0   0 1 
697       8168316  12h 0   0 1 
698       8168316  12h 0   0 1 
699       8168316  12h 0   0 1 
700       8168316  12h 0   0 1 
701       8168316  12h 0   0 1 
702       8168316  12h 0   0 1 
703       8168316  12h 0   0 1 
704       8168316  12h 0   0 1 
705       8168316  12h 0   0 1 
706       8168316  12h 0   0 1 
707       8168316  12h 0   0 1 
708       8168316  12h 0   0 1 
709       8168316  12h 0   0 1 
710       8168316  12h 0   0 1 
711       8168316  12h 0   0 1 
712       8168316  12h 0   0 1 
713       8168316  12h 0   0 1 
714       8168316  12h 0   0 1 
715       8168316  12h 0   0 1 
716       8168316  12h 0   0 1 
717       8168316  12h 0   0 1 
718       8168316  12h 0   0 1 
719       8168316  12h 0   0 1 
720       8168316  12h 0   0 1 
721       8168316  12h 0   0 1 
722       8168316  12h 0   0 1 
723       8168316  12h 0   0 1 
724       8168316  12h 0   0 1 
725       8168316  12h 0   0 1 
726       8168316  12h 0   0 1 
727       8168316  12h 0   0 1 
728       8168316  12h 0   0 1 
729       8168316  12h 0   0 1 
730       8168316  12h 0   0 1 
731       8168316  12h 0   0 1 
732       8168316  12h 0   0 1 
733       8168316  12h 0   0 1 
734       8168316  12h 0   0 1 
735       8168316  12h 0   0 1 
736       8168316  12h 0   0 1 
737       8168316  12h 0   0 1 
738       8168316  12h 0   0 1 
739       8168316  12h 0   0 1 
740       8168316  12h 0   0 1 
741       8168316  12h 0   0 1 
742       8168316  12h 0   0 1 
743       8168316  12h 0   0 1 
744       8168316  12h 0   0 1 
745       8168316  12h 0   0 1 
746       8168316  12h 0   0 1 
747       8168316  12h 0   0 1 
748       8168316  12h 0   0 1 
749       8168316  12h 0   0 1 
750       8168316  12h 0   0 1 
751       8168316  12h 0   0 1 
752       8168316  12h 0   0 1 
753       8168316  12h 0   0 1 
754       8168316  12h 0   0 1 
755       8168316  12h 0   0 1 
756       8168316  12h 0   0 1 
757       8168316  12h 0   0 1 
758       8168316  12h 0   0 1 
759       8168316  12h 0   0 1 
760       8168316  12h 0   0 1 
761       8168316  12h 0   0 1 
762       8168316  12h 0   0 1 
763       8168316  12h 0   0 1 
764       8168316  12h 0   0 1 
765       8168316  12h 0   0 1 
766       8168316  12h 0   0 1 
767       8168316  12h 0   0 1 
768       8168316  12h 0   0 1 
769       8168316  12h 0   0 1 
770       8168316  12h 0   0 1 
771       8168316  12h 0   0 1 
772       8168316  12h 0   0 1 
773       8168316  12h 0   0 1 
774       8168316  12h 0   0 1 
775       8168316  12h 0   0 1 
776       8168316  12h 0   0 1 
777       8168316  12h 0   0 1 
778       8168316  12h 0   0 1 
779       8168316  12h 0   0 1 
780       8168316  12h 0   0 1 
781       8168316  12h 0   0 1 
782       8168316  12h 0   0 1 
783       8168316  12h 0   0 1 
784       8168316  12h 0   0 1 
785       8168316  12h 0   0 1 
786       8168316  12h 0   0 1 
787       8168316  12h 0   0 1 
788       8168316  12h 0   0 1 
789       8168316  12h 0   0 1 
790       8168316  12h 0   0 1 
791       8168316  12h 0   0 1 
792       8168316  12h 0   0 1 
793       8168316  12h 0   0 1 
794       8168316  12h 0   0 1 
795       8168316  12h 0   0 1 
796       8168316  12h 0   0 1 
797       8168316  12h 0   0 1 
798       8168316  12h 0   0 1 
799       8168316  12h 0   0 1 
800       8168316  12h 0   0 1 
801       8168316  12h 0   0 1 
802       8168316  12h 0   0 1 
803       8168316  12h 0   0 1 
804       8168316  12h 0   0 1 
805       8168316  12h 0   0 1 
806       8168316  12h 0   0 1 
807       8168316  12h 0   0 1 
808       8168316  12h 0   0 1 
809       8168316  12h 0   0 1 
810       8168316  12h 0   0 1 
811       8168316  12h 0   0 1 
812       8168316  12h 0   0 1 
813       8168316  12h 0   0 1 
814       8168316  12h 0   0 1 
815       8168316  12h 0   0 1 
816       8168316  12h 0   0 1 
817       8168316  12h 0   0 1 
818       8168316  12h 0   0 1 
819       8168316  12h 0   0 1 
820       8168316  12h 0   0 1 
821       8168316  12h 0   0 1 
822       8168316  12h 0   0 1 
823       8168316  12h 0   0 1 
824       8168316  12h 0   0 1 
825       8168316  12h 0   0 1 
826       8168316  12h 0   0 1 
827       8168316  12h 0   0 1 
828       8168316  12h 0   0 1 
829       8168316  12h 0   0 1 
830       8168316  12h 0   0 1 
831       8168316  12h 0   0 1 
832       8168316  12h 0   0 1 
833       8168316  12h 0   0 1 
834       8168316  12h 0   0 1 
835       8168316  12h 0   0 1 
836       8168316  12h 0   0 1 
837       8168316  12h 0   0 1 
838       8168316  12h 0   0 1 
839       8168316  12h 0   0 1 
840       8168316  12h 0   0 1 
841       8168316  12h 0   0 1 
842       8168316  12h 0   0 1 
843       8168316  12h 0   0 1 
844       8168316  12h 0   0 1 
845       8168316  12h 0   0 1 
846       8168316  12h 0   0 1 
847       8168316  12h 0   0 1 
848       8168316  12h 0   0 1 
849       8168316  12h 0   0 1 
850       8168316  12h 0   0 1 
851       8168316  12h 0   0 1 
852       8168316  12h 0   0 1 
853       8168316  12h 0   0 1 
854       8168316  12h 0   0 1 
855       8168316  12h 0   0 1 
856       8168316  12h 0   0 1 
857       8168316  12h 0   0 1 
858       8168316  12h 0   0 1 
859       8168316  12h 0   0 1 
860       8168316  12h 0   0 1 
861       8168316  12h 0   0 1 
862       8168316  12h 0   0 1 
863       8168316  12h 0   0 1 
864       8168316  12h 0   0 1 
865       8168316  12h 0   0 1 
866       8168316  12h 0   0 1 
867       8168316  12h 0   0 1 
868       8168316  12h 0   0 1 
869       8168316  12h 0   0 1 
870       8168316  12h 0   0 1 
871       8168316  12h 0   0 1 
872       8168316  12h 0   0 1 
873       8168316  12h 0   0 1 
874       8168316  12h 0   0 1 
875       8168316  12h 0   0 1 
876       8168316  12h 0   0 1 
877       8168316  12h 0   0 1 
878       8168316  12h 0   0 1 
879       8168316  12h 0   0 1 
880       8168316  12h 0   0 1 
881       8168316  12h 0   0 1 
882       8168316  12h 0   0 1 
883       8168316  12h 0   0 1 
884       8168316  12h 0   0 1 
885       8168316  12h 0   0 1 
886       8168316  12h 0   0 1 
887       8168316  12h 0   0 1 
888       8168316  12h 0   0 1 
889       8168316  12h 0   0 1 
890       8168316  12h 0   0 1 
891       8168316  12h 0   0 1 
892       8168316  12h 0   0 1 
893       8168316  12h 0   0 1 
894       8168316  12h 0   0 1 
895       8168316  12h 0   0 1 
