Signal Legend:

Key        Signal Name

0        = sbox_out
1        = values_out
2        = counter_test
3        = test_out
4        = done_out

Data Table:

Signals-> 0   1        2   3 4 

sample

-128      137 8168316  0   0 0 
-127      137 8168316  0   0 0 
-126      137 8168316  0   0 0 
-125      137 8168316  0   0 0 
-124      137 8168316  0   0 0 
-123      137 8168316  0   0 0 
-122      137 8168316  0   0 0 
-121      137 8168316  0   0 0 
-120      137 8168316  0   0 0 
-119      137 8168316  0   0 0 
-118      137 8168316  0   0 0 
-117      137 8168316  0   0 0 
-116      137 8168316  0   0 0 
-115      137 8168316  0   0 0 
-114      137 8168316  0   0 0 
-113      137 8168316  0   0 0 
-112      137 8168316  0   0 0 
-111      137 8168316  0   0 0 
-110      137 8168316  0   0 0 
-109      137 8168316  0   0 0 
-108      137 8168316  0   0 0 
-107      137 8168316  0   0 0 
-106      137 8168316  0   0 0 
-105      137 8168316  0   0 0 
-104      137 8168316  0   0 0 
-103      137 8168316  0   0 0 
-102      137 8168316  0   0 0 
-101      137 8168316  0   0 0 
-100      137 8168316  0   0 0 
-99       137 8168316  0   0 0 
-98       137 8168316  0   0 0 
-97       137 8168316  0   0 0 
-96       137 8168316  0   0 0 
-95       137 8168316  0   0 0 
-94       137 8168316  0   0 0 
-93       137 8168316  0   0 0 
-92       137 8168316  0   0 0 
-91       137 8168316  0   0 0 
-90       137 8168316  0   0 0 
-89       137 8168316  0   0 0 
-88       137 8168316  0   0 0 
-87       137 8168316  0   0 0 
-86       137 8168316  0   0 0 
-85       137 8168316  0   0 0 
-84       137 8168316  0   0 0 
-83       137 8168316  0   0 0 
-82       137 8168316  0   0 0 
-81       137 8168316  0   0 0 
-80       137 8168316  0   0 0 
-79       137 8168316  0   0 0 
-78       137 8168316  0   0 0 
-77       137 8168316  0   0 0 
-76       137 8168316  0   0 0 
-75       137 8168316  0   0 0 
-74       137 8168316  0   0 0 
-73       137 8168316  0   0 0 
-72       137 8168316  0   0 0 
-71       137 8168316  0   0 0 
-70       137 8168316  0   0 0 
-69       137 8168316  0   0 0 
-68       137 8168316  0   0 0 
-67       137 8168316  0   0 0 
-66       137 8168316  0   0 0 
-65       137 8168316  0   0 0 
-64       137 8168316  0   0 0 
-63       137 8168316  0   0 0 
-62       137 8168316  0   0 0 
-61       137 8168316  0   0 0 
-60       137 8168316  0   0 0 
-59       137 8168316  0   0 0 
-58       137 8168316  0   0 0 
-57       137 8168316  0   0 0 
-56       137 8168316  0   0 0 
-55       137 8168316  0   0 0 
-54       137 8168316  0   0 0 
-53       137 8168316  0   0 0 
-52       137 8168316  0   0 0 
-51       137 8168316  0   0 0 
-50       137 8168316  0   0 0 
-49       137 8168316  0   0 0 
-48       137 8168316  0   0 0 
-47       137 8168316  0   0 0 
-46       137 8168316  0   0 0 
-45       137 8168316  0   0 0 
-44       137 8168316  0   0 0 
-43       137 8168316  0   0 0 
-42       137 8168316  0   0 0 
-41       137 8168316  0   0 0 
-40       137 8168316  0   0 0 
-39       137 8168316  0   0 0 
-38       137 8168316  0   0 0 
-37       137 8168316  0   0 0 
-36       137 8168316  0   0 0 
-35       137 8168316  0   0 0 
-34       137 8168316  0   0 0 
-33       137 8168316  0   0 0 
-32       137 8168316  0   0 0 
-31       137 8168316  0   0 0 
-30       137 8168316  0   0 0 
-29       137 8168316  0   0 0 
-28       137 8168316  0   0 0 
-27       137 8168316  0   0 0 
-26       137 8168316  0   0 0 
-25       137 8168316  0   0 0 
-24       137 8168316  0   0 0 
-23       137 8168316  0   0 0 
-22       137 8168316  0   0 0 
-21       137 8168316  0   0 0 
-20       137 8168316  0   0 0 
-19       137 8168316  0   0 0 
-18       137 8168316  0   0 0 
-17       137 8168316  0   0 0 
-16       137 8168316  0   0 0 
-15       137 8168316  0   0 0 
-14       137 8168316  0   0 0 
-13       137 8168316  0   0 0 
-12       137 8168316  0   0 0 
-11       137 8168316  0   0 0 
-10       137 8168316  0   0 0 
-9        137 8168316  0   0 0 
-8        137 8168316  0   0 0 
-7        137 8168316  0   0 0 
-6        137 8168316  0   0 0 
-5        137 8168316  0   0 0 
-4        137 8168316  0   0 0 
-3        137 8168316  0   0 0 
-2        137 8168316  0   0 0 
-1        137 8168316  0   0 0 
0         91  -8342430 1   1 0 
1         62  -8258049 2   1 0 
2         61  -8244848 3   1 0 
3         70  -8156683 4   1 0 
4         144 -8010835 5   1 0 
5         196 -7991699 6   1 0 
6         84  -7939568 7   1 0 
7         14  -7913959 8   1 0 
8         25  -7885507 9   1 0 
9         168 -7692961 10  1 0 
10        162 -7543185 11  1 0 
11        141 -7506504 12  1 0 
12        140 -7460561 13  1 0 
13        120 -7352418 14  1 0 
14        254 -7255692 15  1 0 
15        218 -7179143 16  1 0 
16        249 -7131757 17  1 0 
17        156 -7100750 18  1 0 
18        131 -7084692 19  1 0 
19        129 -7035762 20  1 0 
20        78  -7022183 21  1 0 
21        181 -6872935 22  1 0 
22        37  -6840368 23  1 0 
23        186 -6784188 24  1 0 
24        29  -6760974 25  1 0 
25        159 -6696664 26  1 0 
26        35  -6444668 27  1 0 
27        68  -6425294 28  1 0 
28        27  -6397058 29  1 0 
29        172 -6375019 30  1 0 
30        22  -6372989 31  1 0 
31        178 -6331527 32  1 0 
32        142 -6282192 33  1 0 
33        97  -6278495 34  1 0 
34        77  -6257092 35  1 0 
35        113 -6210641 36  1 0 
36        101 -6169434 37  1 0 
37        114 -5934854 38  1 0 
38        89  -5902054 39  1 0 
39        21  -5768145 40  1 0 
40        240 -5765514 41  1 0 
41        15  -5727875 42  1 0 
42        67  -5662030 43  1 0 
43        179 -5466858 44  1 0 
44        132 -5455318 45  1 0 
45        99  -5437154 46  1 0 
46        152 -5411027 47  1 0 
47        11  -5398607 48  1 0 
48        16  -5392251 49  1 0 
49        55  -5379458 50  1 0 
50        239 -5347231 51  1 0 
51        167 -5257715 52  1 0 
52        93  -5147991 53  1 0 
53        145 -5023859 54  1 0 
54        171 -4969418 55  1 0 
55        187 -4895746 56  1 0 
56        56  -4891956 57  1 0 
57        7   -4880414 58  1 0 
58        227 -4858240 59  1 0 
59        244 -4850210 60  1 0 
60        192 -4750323 61  1 0 
61        23  -4735808 62  1 0 
62        209 -4534209 63  1 0 
63        194 -4520458 64  1 0 
64        98  -4394730 65  1 0 
65        229 -4244808 66  1 0 
66        211 -4231842 67  1 0 
67        46  -4225023 68  1 0 
68        173 -4158328 69  1 0 
69        63  -4108686 70  1 0 
70        238 -4101096 71  1 0 
71        174 -4040871 72  1 0 
72        250 -4037094 73  1 0 
73        169 -3931279 74  1 0 
74        237 -3819086 75  1 0 
75        217 -3818989 76  1 0 
76        217 -3668761 77  1 0 
77        107 -3647293 78  1 0 
78        108 -3522032 79  1 0 
79        151 -3461648 80  1 0 
80        119 -3448315 81  1 0 
81        57  -3356099 82  1 0 
82        83  -3327848 83  1 0 
83        163 -3313363 84  1 0 
84        212 -3280115 85  1 0 
85        39  -3238863 86  1 0 
86        76  -3183688 87  1 0 
87        153 -3103063 88  1 0 
88        133 -3042603 89  1 0 
89        228 -2889519 90  1 0 
90        59  -2838147 91  1 0 
91        125 -2832737 92  1 0 
92        182 -2657847 93  1 0 
93        176 -2601747 94  1 0 
94        191 -2480133 95  1 0 
95        94  -2472170 96  1 0 
96        82  -2456781 97  1 0 
97        134 -2216152 98  1 0 
98        17  -2214378 99  1 0 
99        73  -2198242 100 1 0 
100       52  -2187478 101 1 0 
101       135 -2134292 102 1 0 
102       147 -2127513 103 1 0 
103       195 -2056450 104 1 0 
104       252 -1987764 105 1 0 
105       233 -1986922 106 1 0 
106       45  -1922597 107 1 0 
107       183 -1920567 108 1 0 
108       184 -1861587 109 1 0 
109       0   -1565696 110 1 0 
110       54  -1545141 111 1 0 
111       116 -1522719 112 1 0 
112       69  -1491218 113 1 0 
113       8   -1486554 114 1 0 
114       109 -1441921 115 1 0 
115       49  -1417808 116 1 0 
116       143 -1399498 117 1 0 
117       219 -1330075 118 1 0 
118       126 -1144395 119 1 0 
119       96  -1122912 120 1 0 
120       71  -1030519 121 1 0 
121       85  -992966  122 1 0 
122       2   -970223  123 1 0 
123       200 -944135  124 1 0 
124       185 -922124  125 1 0 
125       110 -896156  126 1 0 
126       75  -627616  127 1 0 
127       50  -754348  128 1 0 
128       170 -649423  129 1 0 
129       255 -576183  130 1 0 
130       164 -563707  131 1 0 
131       43  -508049  132 1 0 
132       166 -401027  133 1 0 
133       175 -353174  134 1 0 
134       193 -345829  135 1 0 
135       95  -309462  136 1 0 
136       220 -270096  137 1 0 
137       245 -192627  138 1 0 
138       103 -139124  139 1 0 
139       28  -131874  140 1 0 
140       157 -28456   141 1 0 
141       106 -772     142 1 0 
142       231 19719    143 1 0 
143       247 240681   144 1 0 
144       30  1492951  145 1 0 
145       30  1370618  146 1 0 
146       30  1568188  147 1 0 
147       30  1566174  148 1 0 
148       30  1565022  149 1 0 
149       30  1565052  150 1 0 
150       30  1558014  151 1 0 
151       30  1557982  152 1 0 
152       30  1557206  153 1 0 
153       30  1559831  154 1 0 
154       30  1558617  155 1 0 
155       31  1654210  156 1 0 
156       30  1785298  157 1 0 
157       30  762392   158 1 0 
158       221 883747   159 1 0 
159       150 947077   160 1 0 
160       210 950494   161 1 0 
161       30  1008266  162 1 0 
162       226 1139874  163 1 0 
163       165 1158150  164 1 0 
164       235 1209867  165 1 0 
165       207 1305698  166 1 0 
166       146 1311420  167 1 0 
167       177 1424332  168 1 0 
168       216 1519064  169 1 0 
169       180 1529924  170 1 0 
170       138 1989329  171 1 0 
171       251 2008931  172 1 0 
172       234 2011855  173 1 0 
173       161 2054039  174 1 0 
174       242 2182546  175 1 0 
175       214 2316941  176 1 0 
176       230 2328815  177 1 0 
177       149 2354199  178 1 0 
178       241 2358401  179 1 0 
179       30  2605037  180 1 0 
180       30  2616728  181 1 0 
181       30  2561340  182 1 0 
182       208 2573563  183 1 0 
183       139 2617499  184 1 0 
184       232 2671668  185 1 0 
185       92  2794814  186 1 0 
186       100 2884288  187 1 0 
187       224 2899799  188 1 0 
188       102 2953925  189 1 0 
189       248 3030248  190 1 0 
190       87  3041789  191 1 0 
191       33  3139400  192 1 0 
192       205 3187870  193 1 0 
193       243 3195882  194 1 0 
194       13  3751394  195 1 0 
195       13  3225050  196 1 0 
196       13  3225050  197 1 0 
197       90  3415449  198 1 0 
198       51  3489961  199 1 0 
199       213 3544275  200 1 0 
200       65  3712081  201 1 0 
201       79  3740481  202 1 0 
202       13  3746121  203 1 0 
203       13  3746137  204 1 0 
204       13  3749977  205 1 0 
205       13  3747016  206 1 0 
206       38  3751788  207 1 0 
207       32  3756175  208 1 0 
208       40  3792799  209 1 0 
209       206 4024172  210 1 0 
210       58  4228211  211 1 0 
211       136 4241745  212 1 0 
212       47  4259285  213 1 0 
213       201 4290627  214 1 0 
214       204 4448362  215 1 0 
215       148 4465743  216 1 0 
216       189 4723128  217 1 0 
217       225 4725063  218 1 0 
218       130 4898304  219 1 0 
219       154 4944884  220 1 0 
220       223 5235374  221 1 0 
221       88  5326291  222 1 0 
222       197 5360831  223 1 0 
223       202 5501003  224 1 0 
224       123 5567995  225 1 0 
225       137 5791857  226 1 0 
226       12  5889958  227 1 0 
227       12  5889926  228 1 0 
228       12  5889926  229 1 0 
229       158 6082899  230 1 0 
230       53  6132973  231 1 0 
231       215 6154530  232 1 0 
232       121 6290084  233 1 0 
233       48  6310481  234 1 0 
234       188 6329010  235 1 0 
235       115 6329157  236 1 0 
236       231 6516059  237 1 0 
237       20  6675436  238 1 0 
238       81  6803580  239 1 0 
239       66  6916851  240 1 0 
240       117 6951960  241 1 0 
241       104 6976209  242 1 0 
242       64  7200005  243 1 0 
243       222 7214770  244 1 0 
244       127 7224094  245 1 0 
245       36  7238592  246 1 0 
246       198 7370735  247 1 0 
247       41  7386972  248 1 0 
248       246 7434108  249 1 0 
249       111 7457785  250 1 0 
250       105 7520550  251 1 0 
251       236 7670831  252 1 0 
252       44  7674869  253 1 0 
253       190 8140431  254 1 0 
254       203 8141657  255 1 0 
255       137 8168316  0   1 0 
256       137 8168316  0   1 1 
257       137 8168316  0   1 1 
258       137 8168316  0   1 1 
259       137 8168316  0   1 1 
260       137 8168316  0   1 1 
261       137 8168316  0   1 1 
262       137 8168316  0   1 1 
263       137 8168316  0   1 1 
264       137 8168316  0   1 1 
265       137 8168316  0   1 1 
266       137 8168316  0   1 1 
267       137 8168316  0   1 1 
268       137 8168316  0   1 1 
269       137 8168316  0   1 1 
270       137 8168316  0   1 1 
271       137 8168316  0   1 1 
272       137 8168316  0   1 1 
273       137 8168316  0   1 1 
274       137 8168316  0   1 1 
275       137 8168316  0   1 1 
276       137 8168316  0   1 1 
277       137 8168316  0   1 1 
278       137 8168316  0   1 1 
279       137 8168316  0   1 1 
280       137 8168316  0   1 1 
281       137 8168316  0   1 1 
282       137 8168316  0   1 1 
283       137 8168316  0   1 1 
284       137 8168316  0   1 1 
285       137 8168316  0   1 1 
286       137 8168316  0   1 1 
287       137 8168316  0   1 1 
288       137 8168316  0   1 1 
289       137 8168316  0   1 1 
290       137 8168316  0   1 1 
291       137 8168316  0   1 1 
292       137 8168316  0   1 1 
293       137 8168316  0   1 1 
294       137 8168316  0   1 1 
295       137 8168316  0   1 1 
296       137 8168316  0   1 1 
297       137 8168316  0   1 1 
298       137 8168316  0   1 1 
299       137 8168316  0   1 1 
300       137 8168316  0   1 1 
301       137 8168316  0   1 1 
302       137 8168316  0   1 1 
303       137 8168316  0   1 1 
304       137 8168316  0   1 1 
305       137 8168316  0   1 1 
306       137 8168316  0   1 1 
307       137 8168316  0   1 1 
308       137 8168316  0   1 1 
309       137 8168316  0   1 1 
310       137 8168316  0   1 1 
311       137 8168316  0   1 1 
312       137 8168316  0   1 1 
313       137 8168316  0   1 1 
314       137 8168316  0   1 1 
315       137 8168316  0   1 1 
316       137 8168316  0   1 1 
317       137 8168316  0   1 1 
318       137 8168316  0   1 1 
319       137 8168316  0   1 1 
320       137 8168316  0   1 1 
321       137 8168316  0   1 1 
322       137 8168316  0   1 1 
323       137 8168316  0   1 1 
324       137 8168316  0   1 1 
325       137 8168316  0   1 1 
326       137 8168316  0   1 1 
327       137 8168316  0   1 1 
328       137 8168316  0   1 1 
329       137 8168316  0   1 1 
330       137 8168316  0   1 1 
331       137 8168316  0   1 1 
332       137 8168316  0   1 1 
333       137 8168316  0   1 1 
334       137 8168316  0   1 1 
335       137 8168316  0   1 1 
336       137 8168316  0   1 1 
337       137 8168316  0   1 1 
338       137 8168316  0   1 1 
339       137 8168316  0   1 1 
340       137 8168316  0   1 1 
341       137 8168316  0   1 1 
342       137 8168316  0   1 1 
343       137 8168316  0   1 1 
344       137 8168316  0   1 1 
345       137 8168316  0   1 1 
346       137 8168316  0   1 1 
347       137 8168316  0   1 1 
348       137 8168316  0   1 1 
349       137 8168316  0   1 1 
350       137 8168316  0   1 1 
351       137 8168316  0   1 1 
352       137 8168316  0   1 1 
353       137 8168316  0   1 1 
354       137 8168316  0   1 1 
355       137 8168316  0   1 1 
356       137 8168316  0   1 1 
357       137 8168316  0   1 1 
358       137 8168316  0   1 1 
359       137 8168316  0   1 1 
360       137 8168316  0   1 1 
361       137 8168316  0   1 1 
362       137 8168316  0   1 1 
363       137 8168316  0   1 1 
364       137 8168316  0   1 1 
365       137 8168316  0   1 1 
366       137 8168316  0   1 1 
367       137 8168316  0   1 1 
368       137 8168316  0   1 1 
369       137 8168316  0   1 1 
370       137 8168316  0   1 1 
371       137 8168316  0   1 1 
372       137 8168316  0   1 1 
373       137 8168316  0   1 1 
374       137 8168316  0   1 1 
375       137 8168316  0   1 1 
376       137 8168316  0   1 1 
377       137 8168316  0   1 1 
378       137 8168316  0   1 1 
379       137 8168316  0   1 1 
380       137 8168316  0   1 1 
381       137 8168316  0   1 1 
382       137 8168316  0   1 1 
383       137 8168316  0   1 1 
384       137 8168316  0   1 1 
385       137 8168316  0   1 1 
386       137 8168316  0   1 1 
387       137 8168316  0   1 1 
388       137 8168316  0   1 1 
389       137 8168316  0   1 1 
390       137 8168316  0   1 1 
391       137 8168316  0   1 1 
392       137 8168316  0   1 1 
393       137 8168316  0   1 1 
394       137 8168316  0   1 1 
395       137 8168316  0   1 1 
396       137 8168316  0   1 1 
397       137 8168316  0   1 1 
398       137 8168316  0   1 1 
399       137 8168316  0   1 1 
400       137 8168316  0   1 1 
401       137 8168316  0   1 1 
402       137 8168316  0   1 1 
403       137 8168316  0   1 1 
404       137 8168316  0   1 1 
405       137 8168316  0   1 1 
406       137 8168316  0   1 1 
407       137 8168316  0   1 1 
408       137 8168316  0   1 1 
409       137 8168316  0   1 1 
410       137 8168316  0   1 1 
411       137 8168316  0   1 1 
412       137 8168316  0   1 1 
413       137 8168316  0   1 1 
414       137 8168316  0   1 1 
415       137 8168316  0   1 1 
416       137 8168316  0   1 1 
417       137 8168316  0   1 1 
418       137 8168316  0   1 1 
419       137 8168316  0   1 1 
420       137 8168316  0   1 1 
421       137 8168316  0   1 1 
422       137 8168316  0   1 1 
423       137 8168316  0   1 1 
424       137 8168316  0   1 1 
425       137 8168316  0   1 1 
426       137 8168316  0   1 1 
427       137 8168316  0   1 1 
428       137 8168316  0   1 1 
429       137 8168316  0   1 1 
430       137 8168316  0   1 1 
431       137 8168316  0   1 1 
432       137 8168316  0   1 1 
433       137 8168316  0   1 1 
434       137 8168316  0   1 1 
435       137 8168316  0   1 1 
436       137 8168316  0   1 1 
437       137 8168316  0   1 1 
438       137 8168316  0   1 1 
439       137 8168316  0   1 1 
440       137 8168316  0   1 1 
441       137 8168316  0   1 1 
442       137 8168316  0   1 1 
443       137 8168316  0   1 1 
444       137 8168316  0   1 1 
445       137 8168316  0   1 1 
446       137 8168316  0   1 1 
447       137 8168316  0   1 1 
448       137 8168316  0   1 1 
449       137 8168316  0   1 1 
450       137 8168316  0   1 1 
451       137 8168316  0   1 1 
452       137 8168316  0   1 1 
453       137 8168316  0   1 1 
454       137 8168316  0   1 1 
455       137 8168316  0   1 1 
456       137 8168316  0   1 1 
457       137 8168316  0   1 1 
458       137 8168316  0   1 1 
459       137 8168316  0   1 1 
460       137 8168316  0   1 1 
461       137 8168316  0   1 1 
462       137 8168316  0   1 1 
463       137 8168316  0   1 1 
464       137 8168316  0   1 1 
465       137 8168316  0   1 1 
466       137 8168316  0   1 1 
467       137 8168316  0   1 1 
468       137 8168316  0   1 1 
469       137 8168316  0   1 1 
470       137 8168316  0   1 1 
471       137 8168316  0   1 1 
472       137 8168316  0   1 1 
473       137 8168316  0   1 1 
474       137 8168316  0   1 1 
475       137 8168316  0   1 1 
476       137 8168316  0   1 1 
477       137 8168316  0   1 1 
478       137 8168316  0   1 1 
479       137 8168316  0   1 1 
480       137 8168316  0   1 1 
481       137 8168316  0   1 1 
482       137 8168316  0   1 1 
483       137 8168316  0   1 1 
484       137 8168316  0   1 1 
485       137 8168316  0   1 1 
486       137 8168316  0   1 1 
487       137 8168316  0   1 1 
488       137 8168316  0   1 1 
489       137 8168316  0   1 1 
490       137 8168316  0   1 1 
491       137 8168316  0   1 1 
492       137 8168316  0   1 1 
493       137 8168316  0   1 1 
494       137 8168316  0   1 1 
495       137 8168316  0   1 1 
496       137 8168316  0   1 1 
497       137 8168316  0   1 1 
498       137 8168316  0   1 1 
499       137 8168316  0   1 1 
500       137 8168316  0   1 1 
501       137 8168316  0   1 1 
502       137 8168316  0   1 1 
503       137 8168316  0   1 1 
504       137 8168316  0   1 1 
505       137 8168316  0   1 1 
506       137 8168316  0   1 1 
507       137 8168316  0   1 1 
508       137 8168316  0   1 1 
509       137 8168316  0   1 1 
510       137 8168316  0   1 1 
511       137 8168316  0   1 1 
512       137 8168316  0   1 1 
513       137 8168316  0   1 1 
514       137 8168316  0   1 1 
515       137 8168316  0   1 1 
516       137 8168316  0   1 1 
517       137 8168316  0   1 1 
518       137 8168316  0   1 1 
519       137 8168316  0   1 1 
520       137 8168316  0   1 1 
521       137 8168316  0   1 1 
522       137 8168316  0   1 1 
523       137 8168316  0   1 1 
524       137 8168316  0   1 1 
525       137 8168316  0   1 1 
526       137 8168316  0   1 1 
527       137 8168316  0   1 1 
528       137 8168316  0   1 1 
529       137 8168316  0   1 1 
530       137 8168316  0   1 1 
531       137 8168316  0   1 1 
532       137 8168316  0   1 1 
533       137 8168316  0   1 1 
534       137 8168316  0   1 1 
535       137 8168316  0   1 1 
536       137 8168316  0   1 1 
537       137 8168316  0   1 1 
538       137 8168316  0   1 1 
539       137 8168316  0   1 1 
540       137 8168316  0   1 1 
541       137 8168316  0   1 1 
542       137 8168316  0   1 1 
543       137 8168316  0   1 1 
544       137 8168316  0   1 1 
545       137 8168316  0   1 1 
546       137 8168316  0   1 1 
547       137 8168316  0   1 1 
548       137 8168316  0   1 1 
549       137 8168316  0   1 1 
550       137 8168316  0   1 1 
551       137 8168316  0   1 1 
552       137 8168316  0   1 1 
553       137 8168316  0   1 1 
554       137 8168316  0   1 1 
555       137 8168316  0   1 1 
556       137 8168316  0   1 1 
557       137 8168316  0   1 1 
558       137 8168316  0   1 1 
559       137 8168316  0   1 1 
560       137 8168316  0   1 1 
561       137 8168316  0   1 1 
562       137 8168316  0   1 1 
563       137 8168316  0   1 1 
564       137 8168316  0   1 1 
565       137 8168316  0   1 1 
566       137 8168316  0   1 1 
567       137 8168316  0   1 1 
568       137 8168316  0   1 1 
569       137 8168316  0   1 1 
570       137 8168316  0   1 1 
571       137 8168316  0   1 1 
572       137 8168316  0   1 1 
573       137 8168316  0   1 1 
574       137 8168316  0   1 1 
575       137 8168316  0   1 1 
576       137 8168316  0   1 1 
577       137 8168316  0   1 1 
578       137 8168316  0   1 1 
579       137 8168316  0   1 1 
580       137 8168316  0   1 1 
581       137 8168316  0   1 1 
582       137 8168316  0   1 1 
583       137 8168316  0   1 1 
584       137 8168316  0   1 1 
585       137 8168316  0   1 1 
586       137 8168316  0   1 1 
587       137 8168316  0   1 1 
588       137 8168316  0   1 1 
589       137 8168316  0   1 1 
590       137 8168316  0   1 1 
591       137 8168316  0   1 1 
592       137 8168316  0   1 1 
593       137 8168316  0   1 1 
594       137 8168316  0   1 1 
595       137 8168316  0   1 1 
596       137 8168316  0   1 1 
597       137 8168316  0   1 1 
598       137 8168316  0   1 1 
599       137 8168316  0   1 1 
600       137 8168316  0   1 1 
601       137 8168316  0   1 1 
602       137 8168316  0   1 1 
603       137 8168316  0   1 1 
604       137 8168316  0   1 1 
605       137 8168316  0   1 1 
606       137 8168316  0   1 1 
607       137 8168316  0   1 1 
608       137 8168316  0   1 1 
609       137 8168316  0   1 1 
610       137 8168316  0   1 1 
611       137 8168316  0   1 1 
612       137 8168316  0   1 1 
613       137 8168316  0   1 1 
614       137 8168316  0   1 1 
615       137 8168316  0   1 1 
616       137 8168316  0   1 1 
617       137 8168316  0   1 1 
618       137 8168316  0   1 1 
619       137 8168316  0   1 1 
620       137 8168316  0   1 1 
621       137 8168316  0   1 1 
622       137 8168316  0   1 1 
623       137 8168316  0   1 1 
624       137 8168316  0   1 1 
625       137 8168316  0   1 1 
626       137 8168316  0   1 1 
627       137 8168316  0   1 1 
628       137 8168316  0   1 1 
629       137 8168316  0   1 1 
630       137 8168316  0   1 1 
631       137 8168316  0   1 1 
632       137 8168316  0   1 1 
633       137 8168316  0   1 1 
634       137 8168316  0   1 1 
635       137 8168316  0   1 1 
636       137 8168316  0   1 1 
637       137 8168316  0   1 1 
638       137 8168316  0   1 1 
639       137 8168316  0   1 1 
640       137 8168316  0   1 1 
641       137 8168316  0   1 1 
642       137 8168316  0   1 1 
643       137 8168316  0   1 1 
644       137 8168316  0   1 1 
645       137 8168316  0   1 1 
646       137 8168316  0   1 1 
647       137 8168316  0   1 1 
648       137 8168316  0   1 1 
649       137 8168316  0   1 1 
650       137 8168316  0   1 1 
651       137 8168316  0   1 1 
652       137 8168316  0   1 1 
653       137 8168316  0   1 1 
654       137 8168316  0   1 1 
655       137 8168316  0   1 1 
656       137 8168316  0   1 1 
657       137 8168316  0   1 1 
658       137 8168316  0   1 1 
659       137 8168316  0   1 1 
660       137 8168316  0   1 1 
661       137 8168316  0   1 1 
662       137 8168316  0   1 1 
663       137 8168316  0   1 1 
664       137 8168316  0   1 1 
665       137 8168316  0   1 1 
666       137 8168316  0   1 1 
667       137 8168316  0   1 1 
668       137 8168316  0   1 1 
669       137 8168316  0   1 1 
670       137 8168316  0   1 1 
671       137 8168316  0   1 1 
672       137 8168316  0   1 1 
673       137 8168316  0   1 1 
674       137 8168316  0   1 1 
675       137 8168316  0   1 1 
676       137 8168316  0   1 1 
677       137 8168316  0   1 1 
678       137 8168316  0   1 1 
679       137 8168316  0   1 1 
680       137 8168316  0   1 1 
681       137 8168316  0   1 1 
682       137 8168316  0   1 1 
683       137 8168316  0   1 1 
684       137 8168316  0   1 1 
685       137 8168316  0   1 1 
686       137 8168316  0   1 1 
687       137 8168316  0   1 1 
688       137 8168316  0   1 1 
689       137 8168316  0   1 1 
690       137 8168316  0   1 1 
691       137 8168316  0   1 1 
692       137 8168316  0   1 1 
693       137 8168316  0   1 1 
694       137 8168316  0   1 1 
695       137 8168316  0   1 1 
696       137 8168316  0   1 1 
697       137 8168316  0   1 1 
698       137 8168316  0   1 1 
699       137 8168316  0   1 1 
700       137 8168316  0   1 1 
701       137 8168316  0   1 1 
702       137 8168316  0   1 1 
703       137 8168316  0   1 1 
704       137 8168316  0   1 1 
705       137 8168316  0   1 1 
706       137 8168316  0   1 1 
707       137 8168316  0   1 1 
708       137 8168316  0   1 1 
709       137 8168316  0   1 1 
710       137 8168316  0   1 1 
711       137 8168316  0   1 1 
712       137 8168316  0   1 1 
713       137 8168316  0   1 1 
714       137 8168316  0   1 1 
715       137 8168316  0   1 1 
716       137 8168316  0   1 1 
717       137 8168316  0   1 1 
718       137 8168316  0   1 1 
719       137 8168316  0   1 1 
720       137 8168316  0   1 1 
721       137 8168316  0   1 1 
722       137 8168316  0   1 1 
723       137 8168316  0   1 1 
724       137 8168316  0   1 1 
725       137 8168316  0   1 1 
726       137 8168316  0   1 1 
727       137 8168316  0   1 1 
728       137 8168316  0   1 1 
729       137 8168316  0   1 1 
730       137 8168316  0   1 1 
731       137 8168316  0   1 1 
732       137 8168316  0   1 1 
733       137 8168316  0   1 1 
734       137 8168316  0   1 1 
735       137 8168316  0   1 1 
736       137 8168316  0   1 1 
737       137 8168316  0   1 1 
738       137 8168316  0   1 1 
739       137 8168316  0   1 1 
740       137 8168316  0   1 1 
741       137 8168316  0   1 1 
742       137 8168316  0   1 1 
743       137 8168316  0   1 1 
744       137 8168316  0   1 1 
745       137 8168316  0   1 1 
746       137 8168316  0   1 1 
747       137 8168316  0   1 1 
748       137 8168316  0   1 1 
749       137 8168316  0   1 1 
750       137 8168316  0   1 1 
751       137 8168316  0   1 1 
752       137 8168316  0   1 1 
753       137 8168316  0   1 1 
754       137 8168316  0   1 1 
755       137 8168316  0   1 1 
756       137 8168316  0   1 1 
757       137 8168316  0   1 1 
758       137 8168316  0   1 1 
759       137 8168316  0   1 1 
760       137 8168316  0   1 1 
761       137 8168316  0   1 1 
762       137 8168316  0   1 1 
763       137 8168316  0   1 1 
764       137 8168316  0   1 1 
765       137 8168316  0   1 1 
766       137 8168316  0   1 1 
767       137 8168316  0   1 1 
768       137 8168316  0   1 1 
769       137 8168316  0   1 1 
770       137 8168316  0   1 1 
771       137 8168316  0   1 1 
772       137 8168316  0   1 1 
773       137 8168316  0   1 1 
774       137 8168316  0   1 1 
775       137 8168316  0   1 1 
776       137 8168316  0   1 1 
777       137 8168316  0   1 1 
778       137 8168316  0   1 1 
779       137 8168316  0   1 1 
780       137 8168316  0   1 1 
781       137 8168316  0   1 1 
782       137 8168316  0   1 1 
783       137 8168316  0   1 1 
784       137 8168316  0   1 1 
785       137 8168316  0   1 1 
786       137 8168316  0   1 1 
787       137 8168316  0   1 1 
788       137 8168316  0   1 1 
789       137 8168316  0   1 1 
790       137 8168316  0   1 1 
791       137 8168316  0   1 1 
792       137 8168316  0   1 1 
793       137 8168316  0   1 1 
794       137 8168316  0   1 1 
795       137 8168316  0   1 1 
796       137 8168316  0   1 1 
797       137 8168316  0   1 1 
798       137 8168316  0   1 1 
799       137 8168316  0   1 1 
800       137 8168316  0   1 1 
801       137 8168316  0   1 1 
802       137 8168316  0   1 1 
803       137 8168316  0   1 1 
804       137 8168316  0   1 1 
805       137 8168316  0   1 1 
806       137 8168316  0   1 1 
807       137 8168316  0   1 1 
808       137 8168316  0   1 1 
809       137 8168316  0   1 1 
810       137 8168316  0   1 1 
811       137 8168316  0   1 1 
812       137 8168316  0   1 1 
813       137 8168316  0   1 1 
814       137 8168316  0   1 1 
815       137 8168316  0   1 1 
816       137 8168316  0   1 1 
817       137 8168316  0   1 1 
818       137 8168316  0   1 1 
819       137 8168316  0   1 1 
820       137 8168316  0   1 1 
821       137 8168316  0   1 1 
822       137 8168316  0   1 1 
823       137 8168316  0   1 1 
824       137 8168316  0   1 1 
825       137 8168316  0   1 1 
826       137 8168316  0   1 1 
827       137 8168316  0   1 1 
828       137 8168316  0   1 1 
829       137 8168316  0   1 1 
830       137 8168316  0   1 1 
831       137 8168316  0   1 1 
832       137 8168316  0   1 1 
833       137 8168316  0   1 1 
834       137 8168316  0   1 1 
835       137 8168316  0   1 1 
836       137 8168316  0   1 1 
837       137 8168316  0   1 1 
838       137 8168316  0   1 1 
839       137 8168316  0   1 1 
840       137 8168316  0   1 1 
841       137 8168316  0   1 1 
842       137 8168316  0   1 1 
843       137 8168316  0   1 1 
844       137 8168316  0   1 1 
845       137 8168316  0   1 1 
846       137 8168316  0   1 1 
847       137 8168316  0   1 1 
848       137 8168316  0   1 1 
849       137 8168316  0   1 1 
850       137 8168316  0   1 1 
851       137 8168316  0   1 1 
852       137 8168316  0   1 1 
853       137 8168316  0   1 1 
854       137 8168316  0   1 1 
855       137 8168316  0   1 1 
856       137 8168316  0   1 1 
857       137 8168316  0   1 1 
858       137 8168316  0   1 1 
859       137 8168316  0   1 1 
860       137 8168316  0   1 1 
861       137 8168316  0   1 1 
862       137 8168316  0   1 1 
863       137 8168316  0   1 1 
864       137 8168316  0   1 1 
865       137 8168316  0   1 1 
866       137 8168316  0   1 1 
867       137 8168316  0   1 1 
868       137 8168316  0   1 1 
869       137 8168316  0   1 1 
870       137 8168316  0   1 1 
871       137 8168316  0   1 1 
872       137 8168316  0   1 1 
873       137 8168316  0   1 1 
874       137 8168316  0   1 1 
875       137 8168316  0   1 1 
876       137 8168316  0   1 1 
877       137 8168316  0   1 1 
878       137 8168316  0   1 1 
879       137 8168316  0   1 1 
880       137 8168316  0   1 1 
881       137 8168316  0   1 1 
882       137 8168316  0   1 1 
883       137 8168316  0   1 1 
884       137 8168316  0   1 1 
885       137 8168316  0   1 1 
886       137 8168316  0   1 1 
887       137 8168316  0   1 1 
888       137 8168316  0   1 1 
889       137 8168316  0   1 1 
890       137 8168316  0   1 1 
891       137 8168316  0   1 1 
892       137 8168316  0   1 1 
893       137 8168316  0   1 1 
894       137 8168316  0   1 1 
895       137 8168316  0   1 1 
