Signal Legend:

Key        Signal Name

0        = sbox_out
1        = values_out
2        = counter_test
3        = test_out
4        = done_out

Data Table:

Signals-> 0   1        2   3 4 

sample

-128      137 8168316  0   0 0 
-127      137 8168316  0   0 0 
-126      137 8168316  0   0 0 
-125      137 8168316  0   0 0 
-124      137 8168316  0   0 0 
-123      137 8168316  0   0 0 
-122      137 8168316  0   0 0 
-121      137 8168316  0   0 0 
-120      137 8168316  0   0 0 
-119      137 8168316  0   0 0 
-118      137 8168316  0   0 0 
-117      137 8168316  0   0 0 
-116      137 8168316  0   0 0 
-115      137 8168316  0   0 0 
-114      137 8168316  0   0 0 
-113      137 8168316  0   0 0 
-112      137 8168316  0   0 0 
-111      137 8168316  0   0 0 
-110      137 8168316  0   0 0 
-109      137 8168316  0   0 0 
-108      137 8168316  0   0 0 
-107      137 8168316  0   0 0 
-106      137 8168316  0   0 0 
-105      137 8168316  0   0 0 
-104      137 8168316  0   0 0 
-103      137 8168316  0   0 0 
-102      137 8168316  0   0 0 
-101      137 8168316  0   0 0 
-100      137 8168316  0   0 0 
-99       137 8168316  0   0 0 
-98       137 8168316  0   0 0 
-97       137 8168316  0   0 0 
-96       137 8168316  0   0 0 
-95       137 8168316  0   0 0 
-94       137 8168316  0   0 0 
-93       137 8168316  0   0 0 
-92       137 8168316  0   0 0 
-91       137 8168316  0   0 0 
-90       137 8168316  0   0 0 
-89       137 8168316  0   0 0 
-88       137 8168316  0   0 0 
-87       137 8168316  0   0 0 
-86       137 8168316  0   0 0 
-85       137 8168316  0   0 0 
-84       137 8168316  0   0 0 
-83       137 8168316  0   0 0 
-82       137 8168316  0   0 0 
-81       137 8168316  0   0 0 
-80       137 8168316  0   0 0 
-79       137 8168316  0   0 0 
-78       137 8168316  0   0 0 
-77       137 8168316  0   0 0 
-76       137 8168316  0   0 0 
-75       137 8168316  0   0 0 
-74       137 8168316  0   0 0 
-73       137 8168316  0   0 0 
-72       137 8168316  0   0 0 
-71       137 8168316  0   0 0 
-70       137 8168316  0   0 0 
-69       137 8168316  0   0 0 
-68       137 8168316  0   0 0 
-67       137 8168316  0   0 0 
-66       137 8168316  0   0 0 
-65       137 8168316  0   0 0 
-64       137 8168316  0   0 0 
-63       137 8168316  0   0 0 
-62       137 8168316  0   0 0 
-61       137 8168316  0   0 0 
-60       137 8168316  0   0 0 
-59       137 8168316  0   0 0 
-58       137 8168316  0   0 0 
-57       137 8168316  0   0 0 
-56       137 8168316  0   0 0 
-55       137 8168316  0   0 0 
-54       137 8168316  0   0 0 
-53       137 8168316  0   0 0 
-52       137 8168316  0   0 0 
-51       137 8168316  0   0 0 
-50       137 8168316  0   0 0 
-49       137 8168316  0   0 0 
-48       137 8168316  0   0 0 
-47       137 8168316  0   0 0 
-46       137 8168316  0   0 0 
-45       137 8168316  0   0 0 
-44       137 8168316  0   0 0 
-43       137 8168316  0   0 0 
-42       137 8168316  0   0 0 
-41       137 8168316  0   0 0 
-40       137 8168316  0   0 0 
-39       137 8168316  0   0 0 
-38       137 8168316  0   0 0 
-37       137 8168316  0   0 0 
-36       137 8168316  0   0 0 
-35       137 8168316  0   0 0 
-34       137 8168316  0   0 0 
-33       137 8168316  0   0 0 
-32       137 8168316  0   0 0 
-31       137 8168316  0   0 0 
-30       137 8168316  0   0 0 
-29       137 8168316  0   0 0 
-28       137 8168316  0   0 0 
-27       137 8168316  0   0 0 
-26       137 8168316  0   0 0 
-25       137 8168316  0   0 0 
-24       137 8168316  0   0 0 
-23       137 8168316  0   0 0 
-22       137 8168316  0   0 0 
-21       137 8168316  0   0 0 
-20       137 8168316  0   0 0 
-19       137 8168316  0   0 0 
-18       137 8168316  0   0 0 
-17       137 8168316  0   0 0 
-16       137 8168316  0   0 0 
-15       137 8168316  0   0 0 
-14       137 8168316  0   0 0 
-13       137 8168316  0   0 0 
-12       137 8168316  0   0 0 
-11       137 8168316  0   0 0 
-10       137 8168316  0   0 0 
-9        137 8168316  0   0 0 
-8        137 8168316  0   0 0 
-7        137 8168316  0   0 0 
-6        137 8168316  0   0 0 
-5        137 8168316  0   0 0 
-4        137 8168316  0   0 0 
-3        137 8168316  0   0 0 
-2        137 8168316  0   0 0 
-1        137 8168316  0   0 0 
0         91  -8342430 1   1 0 
1         62  -8258049 2   1 0 
2         61  -8244848 3   1 0 
3         70  -8156683 4   1 0 
4         144 -8010835 5   1 0 
5         196 -7991699 6   1 0 
6         84  -7939568 7   1 0 
7         14  -7913959 8   1 0 
8         25  -7885507 9   1 0 
9         168 -7692961 10  1 0 
10        162 -7543185 11  1 0 
11        141 -7506504 12  1 0 
12        140 -7460561 13  1 0 
13        120 -7352418 14  1 0 
14        254 -7255692 15  1 0 
15        218 -7179143 16  1 0 
16        249 -7131757 17  1 0 
17        156 -7100750 18  1 0 
18        131 -7084692 19  1 0 
19        129 -7035762 20  1 0 
20        78  -7022183 21  1 0 
21        181 -6872935 22  1 0 
22        37  -6840368 23  1 0 
23        186 -6784188 24  1 0 
24        29  -6760974 25  1 0 
25        159 -6696664 26  1 0 
26        35  -6444668 27  1 0 
27        68  -6425294 28  1 0 
28        27  -6397058 29  1 0 
29        172 -6375019 30  1 0 
30        22  -6372989 31  1 0 
31        178 -6331527 32  1 0 
32        142 -6282192 33  1 0 
33        97  -6278495 34  1 0 
34        77  -6257092 35  1 0 
35        113 -6210641 36  1 0 
36        101 -6169434 37  1 0 
37        114 -5934854 38  1 0 
38        89  -5902054 39  1 0 
39        21  -5768145 40  1 0 
40        240 -5765514 41  1 0 
41        15  -5727875 42  1 0 
42        67  -5662030 43  1 0 
43        179 -5466858 44  1 0 
44        132 -5455318 45  1 0 
45        99  -5437154 46  1 0 
46        152 -5411027 47  1 0 
47        11  -5398607 48  1 0 
48        16  -5392251 49  1 0 
49        55  -5379458 50  1 0 
50        239 -5347231 51  1 0 
51        167 -5257715 52  1 0 
52        93  -5147991 53  1 0 
53        145 -5023859 54  1 0 
54        171 -4969418 55  1 0 
55        187 -4895746 56  1 0 
56        56  -4891956 57  1 0 
57        7   -4880414 58  1 0 
58        227 -4858240 59  1 0 
59        244 -4850210 60  1 0 
60        192 -4750323 61  1 0 
61        23  -4735808 62  1 0 
62        209 -4534209 63  1 0 
63        194 -4520458 64  1 0 
64        98  -4394730 65  1 0 
65        229 -4244808 66  1 0 
66        211 -4231842 67  1 0 
67        46  -4225023 68  1 0 
68        173 -4158328 69  1 0 
69        63  -4108686 70  1 0 
70        238 -4101096 71  1 0 
71        174 -4040871 72  1 0 
72        250 -4037094 73  1 0 
73        169 -3931279 74  1 0 
74        237 -3819086 75  1 0 
75        217 -3818989 76  1 0 
76        217 -3668761 77  1 0 
77        107 -3647293 78  1 0 
78        108 -3522032 79  1 0 
79        151 -3461648 80  1 0 
80        119 -3448315 81  1 0 
81        57  -3356099 82  1 0 
82        83  -3327848 83  1 0 
83        163 -3313363 84  1 0 
84        212 -3280115 85  1 0 
85        39  -3238863 86  1 0 
86        76  -3183688 87  1 0 
87        153 -3103063 88  1 0 
88        133 -3042603 89  1 0 
89        228 -2889519 90  1 0 
90        59  -2838147 91  1 0 
91        125 -2832737 92  1 0 
92        182 -2657847 93  1 0 
93        176 -2601747 94  1 0 
94        191 -2480133 95  1 0 
95        94  -2472170 96  1 0 
96        82  -2456781 97  1 0 
97        17  -2345450 98  1 0 
98        134 -2216152 99  1 0 
99        73  -2198242 100 1 0 
100       52  -2187478 101 1 0 
101       135 -2134292 102 1 0 
102       147 -2127513 103 1 0 
103       195 -2056450 104 1 0 
104       252 -1987764 105 1 0 
105       233 -1986922 106 1 0 
106       45  -1922597 107 1 0 
107       183 -1920567 108 1 0 
108       184 -1861587 109 1 0 
109       0   -1565696 110 1 0 
110       54  -1545141 111 1 0 
111       116 -1522719 112 1 0 
112       69  -1491218 113 1 0 
113       8   -1486554 114 1 0 
114       109 -1441921 115 1 0 
115       49  -1417808 116 1 0 
116       143 -1399498 117 1 0 
117       219 -1330075 118 1 0 
118       126 -1144395 119 1 0 
119       96  -1122912 120 1 0 
120       71  -1030519 121 1 0 
121       85  -992966  122 1 0 
122       2   -970223  123 1 0 
123       200 -944135  124 1 0 
124       185 -922124  125 1 0 
125       110 -896156  126 1 0 
126       75  -627616  127 1 0 
127       50  -754348  128 1 0 
128       170 -649423  129 1 0 
129       255 -576183  130 1 0 
130       164 -563707  131 1 0 
131       43  -508049  132 1 0 
132       166 -401027  133 1 0 
133       175 -353174  134 1 0 
134       193 -345829  135 1 0 
135       95  -309462  136 1 0 
136       220 -270096  137 1 0 
137       245 -192627  138 1 0 
138       103 -139124  139 1 0 
139       28  -131874  140 1 0 
140       157 -28456   141 1 0 
141       106 -772     142 1 0 
142       231 150791   143 1 0 
143       247 240681   144 1 0 
144       207 968663   145 1 0 
145       207 846330   146 1 0 
146       207 916531   147 1 0 
147       207 979861   148 1 0 
148       207 950430   149 1 0 
149       207 1041852  150 1 0 
150       207 1041822  151 1 0 
151       207 1040670  152 1 0 
152       207 1040700  153 1 0 
153       206 1139874  154 1 0 
154       207 1158150  155 1 0 
155       207 1209867  156 1 0 
156       207 1305698  157 1 0 
157       146 1311420  158 1 0 
158       177 1424332  159 1 0 
159       216 1519064  160 1 0 
160       180 1529924  161 1 0 
161       74  1557818  162 1 0 
162       74  1559966  163 1 0 
163       74  1557206  164 1 0 
164       74  1559831  165 1 0 
165       74  1558617  166 1 0 
166       13  1653954  167 1 0 
167       30  1785042  168 1 0 
168       30  1810968  169 1 0 
169       138 1989329  170 1 0 
170       251 2008931  171 1 0 
171       234 2011855  172 1 0 
172       161 2054039  173 1 0 
173       30  2056842  174 1 0 
174       242 2182546  175 1 0 
175       214 2316941  176 1 0 
176       230 2328815  177 1 0 
177       149 2354199  178 1 0 
178       241 2358401  179 1 0 
179       30  2605037  180 1 0 
180       30  2616728  181 1 0 
181       30  2561340  182 1 0 
182       208 2573563  183 1 0 
183       139 2617499  184 1 0 
184       232 2671668  185 1 0 
185       92  2794814  186 1 0 
186       100 2884288  187 1 0 
187       224 2899799  188 1 0 
188       102 2953925  189 1 0 
189       248 3030248  190 1 0 
190       87  3041789  191 1 0 
191       33  3139400  192 1 0 
192       205 3187870  193 1 0 
193       243 3195882  194 1 0 
194       90  3415449  195 1 0 
195       51  3489961  196 1 0 
196       213 3544275  197 1 0 
197       65  3712081  198 1 0 
198       79  3740481  199 1 0 
199       13  3751138  200 1 0 
200       13  3749082  201 1 0 
201       13  3749082  202 1 0 
202       13  3745865  203 1 0 
203       13  3745881  204 1 0 
204       13  3749977  205 1 0 
205       13  3747016  206 1 0 
206       38  3751788  207 1 0 
207       32  3756175  208 1 0 
208       40  3792799  209 1 0 
209       206 4024172  210 1 0 
210       58  4228211  211 1 0 
211       136 4241745  212 1 0 
212       47  4259285  213 1 0 
213       201 4290627  214 1 0 
214       204 4448362  215 1 0 
215       148 4465743  216 1 0 
216       189 4723128  217 1 0 
217       225 4725063  218 1 0 
218       130 4898304  219 1 0 
219       154 4944884  220 1 0 
220       223 5235374  221 1 0 
221       88  5326291  222 1 0 
222       197 5360831  223 1 0 
223       202 5501003  224 1 0 
224       123 5567995  225 1 0 
225       137 5791857  226 1 0 
226       12  5885870  227 1 0 
227       12  5885838  228 1 0 
228       12  5885838  229 1 0 
229       158 6082899  230 1 0 
230       53  6132973  231 1 0 
231       215 6154530  232 1 0 
232       121 6290084  233 1 0 
233       48  6310481  234 1 0 
234       188 6329010  235 1 0 
235       115 6329157  236 1 0 
236       231 6516059  237 1 0 
237       20  6675436  238 1 0 
238       81  6803580  239 1 0 
239       66  6916851  240 1 0 
240       117 6951960  241 1 0 
241       104 6976209  242 1 0 
242       64  7200005  243 1 0 
243       222 7214770  244 1 0 
244       127 7224094  245 1 0 
245       36  7238592  246 1 0 
246       198 7370735  247 1 0 
247       41  7386972  248 1 0 
248       246 7434108  249 1 0 
249       111 7457785  250 1 0 
250       105 7520550  251 1 0 
251       236 7670831  252 1 0 
252       44  7674869  253 1 0 
253       190 8140431  254 1 0 
254       203 8141657  255 1 0 
255       139 8184696  0   1 0 
256       139 8184696  0   1 1 
257       139 8184696  0   1 1 
258       139 8184696  0   1 1 
259       139 8184696  0   1 1 
260       139 8184696  0   1 1 
261       139 8184696  0   1 1 
262       139 8184696  0   1 1 
263       139 8184696  0   1 1 
264       139 8184696  0   1 1 
265       139 8184696  0   1 1 
266       139 8184696  0   1 1 
267       139 8184696  0   1 1 
268       139 8184696  0   1 1 
269       139 8184696  0   1 1 
270       139 8184696  0   1 1 
271       139 8184696  0   1 1 
272       139 8184696  0   1 1 
273       139 8184696  0   1 1 
274       139 8184696  0   1 1 
275       139 8184696  0   1 1 
276       139 8184696  0   1 1 
277       139 8184696  0   1 1 
278       139 8184696  0   1 1 
279       139 8184696  0   1 1 
280       139 8184696  0   1 1 
281       139 8184696  0   1 1 
282       139 8184696  0   1 1 
283       139 8184696  0   1 1 
284       139 8184696  0   1 1 
285       139 8184696  0   1 1 
286       139 8184696  0   1 1 
287       139 8184696  0   1 1 
288       139 8184696  0   1 1 
289       139 8184696  0   1 1 
290       139 8184696  0   1 1 
291       139 8184696  0   1 1 
292       139 8184696  0   1 1 
293       139 8184696  0   1 1 
294       139 8184696  0   1 1 
295       139 8184696  0   1 1 
296       139 8184696  0   1 1 
297       139 8184696  0   1 1 
298       139 8184696  0   1 1 
299       139 8184696  0   1 1 
300       139 8184696  0   1 1 
301       139 8184696  0   1 1 
302       139 8184696  0   1 1 
303       139 8184696  0   1 1 
304       139 8184696  0   1 1 
305       139 8184696  0   1 1 
306       139 8184696  0   1 1 
307       139 8184696  0   1 1 
308       139 8184696  0   1 1 
309       139 8184696  0   1 1 
310       139 8184696  0   1 1 
311       139 8184696  0   1 1 
312       139 8184696  0   1 1 
313       139 8184696  0   1 1 
314       139 8184696  0   1 1 
315       139 8184696  0   1 1 
316       139 8184696  0   1 1 
317       139 8184696  0   1 1 
318       139 8184696  0   1 1 
319       139 8184696  0   1 1 
320       139 8184696  0   1 1 
321       139 8184696  0   1 1 
322       139 8184696  0   1 1 
323       139 8184696  0   1 1 
324       139 8184696  0   1 1 
325       139 8184696  0   1 1 
326       139 8184696  0   1 1 
327       139 8184696  0   1 1 
328       139 8184696  0   1 1 
329       139 8184696  0   1 1 
330       139 8184696  0   1 1 
331       139 8184696  0   1 1 
332       139 8184696  0   1 1 
333       139 8184696  0   1 1 
334       139 8184696  0   1 1 
335       139 8184696  0   1 1 
336       139 8184696  0   1 1 
337       139 8184696  0   1 1 
338       139 8184696  0   1 1 
339       139 8184696  0   1 1 
340       139 8184696  0   1 1 
341       139 8184696  0   1 1 
342       139 8184696  0   1 1 
343       139 8184696  0   1 1 
344       139 8184696  0   1 1 
345       139 8184696  0   1 1 
346       139 8184696  0   1 1 
347       139 8184696  0   1 1 
348       139 8184696  0   1 1 
349       139 8184696  0   1 1 
350       139 8184696  0   1 1 
351       139 8184696  0   1 1 
352       139 8184696  0   1 1 
353       139 8184696  0   1 1 
354       139 8184696  0   1 1 
355       139 8184696  0   1 1 
356       139 8184696  0   1 1 
357       139 8184696  0   1 1 
358       139 8184696  0   1 1 
359       139 8184696  0   1 1 
360       139 8184696  0   1 1 
361       139 8184696  0   1 1 
362       139 8184696  0   1 1 
363       139 8184696  0   1 1 
364       139 8184696  0   1 1 
365       139 8184696  0   1 1 
366       139 8184696  0   1 1 
367       139 8184696  0   1 1 
368       139 8184696  0   1 1 
369       139 8184696  0   1 1 
370       139 8184696  0   1 1 
371       139 8184696  0   1 1 
372       139 8184696  0   1 1 
373       139 8184696  0   1 1 
374       139 8184696  0   1 1 
375       139 8184696  0   1 1 
376       139 8184696  0   1 1 
377       139 8184696  0   1 1 
378       139 8184696  0   1 1 
379       139 8184696  0   1 1 
380       139 8184696  0   1 1 
381       139 8184696  0   1 1 
382       139 8184696  0   1 1 
383       139 8184696  0   1 1 
384       139 8184696  0   1 1 
385       139 8184696  0   1 1 
386       139 8184696  0   1 1 
387       139 8184696  0   1 1 
388       139 8184696  0   1 1 
389       139 8184696  0   1 1 
390       139 8184696  0   1 1 
391       139 8184696  0   1 1 
392       139 8184696  0   1 1 
393       139 8184696  0   1 1 
394       139 8184696  0   1 1 
395       139 8184696  0   1 1 
396       139 8184696  0   1 1 
397       139 8184696  0   1 1 
398       139 8184696  0   1 1 
399       139 8184696  0   1 1 
400       139 8184696  0   1 1 
401       139 8184696  0   1 1 
402       139 8184696  0   1 1 
403       139 8184696  0   1 1 
404       139 8184696  0   1 1 
405       139 8184696  0   1 1 
406       139 8184696  0   1 1 
407       139 8184696  0   1 1 
408       139 8184696  0   1 1 
409       139 8184696  0   1 1 
410       139 8184696  0   1 1 
411       139 8184696  0   1 1 
412       139 8184696  0   1 1 
413       139 8184696  0   1 1 
414       139 8184696  0   1 1 
415       139 8184696  0   1 1 
416       139 8184696  0   1 1 
417       139 8184696  0   1 1 
418       139 8184696  0   1 1 
419       139 8184696  0   1 1 
420       139 8184696  0   1 1 
421       139 8184696  0   1 1 
422       139 8184696  0   1 1 
423       139 8184696  0   1 1 
424       139 8184696  0   1 1 
425       139 8184696  0   1 1 
426       139 8184696  0   1 1 
427       139 8184696  0   1 1 
428       139 8184696  0   1 1 
429       139 8184696  0   1 1 
430       139 8184696  0   1 1 
431       139 8184696  0   1 1 
432       139 8184696  0   1 1 
433       139 8184696  0   1 1 
434       139 8184696  0   1 1 
435       139 8184696  0   1 1 
436       139 8184696  0   1 1 
437       139 8184696  0   1 1 
438       139 8184696  0   1 1 
439       139 8184696  0   1 1 
440       139 8184696  0   1 1 
441       139 8184696  0   1 1 
442       139 8184696  0   1 1 
443       139 8184696  0   1 1 
444       139 8184696  0   1 1 
445       139 8184696  0   1 1 
446       139 8184696  0   1 1 
447       139 8184696  0   1 1 
448       139 8184696  0   1 1 
449       139 8184696  0   1 1 
450       139 8184696  0   1 1 
451       139 8184696  0   1 1 
452       139 8184696  0   1 1 
453       139 8184696  0   1 1 
454       139 8184696  0   1 1 
455       139 8184696  0   1 1 
456       139 8184696  0   1 1 
457       139 8184696  0   1 1 
458       139 8184696  0   1 1 
459       139 8184696  0   1 1 
460       139 8184696  0   1 1 
461       139 8184696  0   1 1 
462       139 8184696  0   1 1 
463       139 8184696  0   1 1 
464       139 8184696  0   1 1 
465       139 8184696  0   1 1 
466       139 8184696  0   1 1 
467       139 8184696  0   1 1 
468       139 8184696  0   1 1 
469       139 8184696  0   1 1 
470       139 8184696  0   1 1 
471       139 8184696  0   1 1 
472       139 8184696  0   1 1 
473       139 8184696  0   1 1 
474       139 8184696  0   1 1 
475       139 8184696  0   1 1 
476       139 8184696  0   1 1 
477       139 8184696  0   1 1 
478       139 8184696  0   1 1 
479       139 8184696  0   1 1 
480       139 8184696  0   1 1 
481       139 8184696  0   1 1 
482       139 8184696  0   1 1 
483       139 8184696  0   1 1 
484       139 8184696  0   1 1 
485       139 8184696  0   1 1 
486       139 8184696  0   1 1 
487       139 8184696  0   1 1 
488       139 8184696  0   1 1 
489       139 8184696  0   1 1 
490       139 8184696  0   1 1 
491       139 8184696  0   1 1 
492       139 8184696  0   1 1 
493       139 8184696  0   1 1 
494       139 8184696  0   1 1 
495       139 8184696  0   1 1 
496       139 8184696  0   1 1 
497       139 8184696  0   1 1 
498       139 8184696  0   1 1 
499       139 8184696  0   1 1 
500       139 8184696  0   1 1 
501       139 8184696  0   1 1 
502       139 8184696  0   1 1 
503       139 8184696  0   1 1 
504       139 8184696  0   1 1 
505       139 8184696  0   1 1 
506       139 8184696  0   1 1 
507       139 8184696  0   1 1 
508       139 8184696  0   1 1 
509       139 8184696  0   1 1 
510       139 8184696  0   1 1 
511       139 8184696  0   1 1 
512       139 8184696  0   1 1 
513       139 8184696  0   1 1 
514       139 8184696  0   1 1 
515       139 8184696  0   1 1 
516       139 8184696  0   1 1 
517       139 8184696  0   1 1 
518       139 8184696  0   1 1 
519       139 8184696  0   1 1 
520       139 8184696  0   1 1 
521       139 8184696  0   1 1 
522       139 8184696  0   1 1 
523       139 8184696  0   1 1 
524       139 8184696  0   1 1 
525       139 8184696  0   1 1 
526       139 8184696  0   1 1 
527       139 8184696  0   1 1 
528       139 8184696  0   1 1 
529       139 8184696  0   1 1 
530       139 8184696  0   1 1 
531       139 8184696  0   1 1 
532       139 8184696  0   1 1 
533       139 8184696  0   1 1 
534       139 8184696  0   1 1 
535       139 8184696  0   1 1 
536       139 8184696  0   1 1 
537       139 8184696  0   1 1 
538       139 8184696  0   1 1 
539       139 8184696  0   1 1 
540       139 8184696  0   1 1 
541       139 8184696  0   1 1 
542       139 8184696  0   1 1 
543       139 8184696  0   1 1 
544       139 8184696  0   1 1 
545       139 8184696  0   1 1 
546       139 8184696  0   1 1 
547       139 8184696  0   1 1 
548       139 8184696  0   1 1 
549       139 8184696  0   1 1 
550       139 8184696  0   1 1 
551       139 8184696  0   1 1 
552       139 8184696  0   1 1 
553       139 8184696  0   1 1 
554       139 8184696  0   1 1 
555       139 8184696  0   1 1 
556       139 8184696  0   1 1 
557       139 8184696  0   1 1 
558       139 8184696  0   1 1 
559       139 8184696  0   1 1 
560       139 8184696  0   1 1 
561       139 8184696  0   1 1 
562       139 8184696  0   1 1 
563       139 8184696  0   1 1 
564       139 8184696  0   1 1 
565       139 8184696  0   1 1 
566       139 8184696  0   1 1 
567       139 8184696  0   1 1 
568       139 8184696  0   1 1 
569       139 8184696  0   1 1 
570       139 8184696  0   1 1 
571       139 8184696  0   1 1 
572       139 8184696  0   1 1 
573       139 8184696  0   1 1 
574       139 8184696  0   1 1 
575       139 8184696  0   1 1 
576       139 8184696  0   1 1 
577       139 8184696  0   1 1 
578       139 8184696  0   1 1 
579       139 8184696  0   1 1 
580       139 8184696  0   1 1 
581       139 8184696  0   1 1 
582       139 8184696  0   1 1 
583       139 8184696  0   1 1 
584       139 8184696  0   1 1 
585       139 8184696  0   1 1 
586       139 8184696  0   1 1 
587       139 8184696  0   1 1 
588       139 8184696  0   1 1 
589       139 8184696  0   1 1 
590       139 8184696  0   1 1 
591       139 8184696  0   1 1 
592       139 8184696  0   1 1 
593       139 8184696  0   1 1 
594       139 8184696  0   1 1 
595       139 8184696  0   1 1 
596       139 8184696  0   1 1 
597       139 8184696  0   1 1 
598       139 8184696  0   1 1 
599       139 8184696  0   1 1 
600       139 8184696  0   1 1 
601       139 8184696  0   1 1 
602       139 8184696  0   1 1 
603       139 8184696  0   1 1 
604       139 8184696  0   1 1 
605       139 8184696  0   1 1 
606       139 8184696  0   1 1 
607       139 8184696  0   1 1 
608       139 8184696  0   1 1 
609       139 8184696  0   1 1 
610       139 8184696  0   1 1 
611       139 8184696  0   1 1 
612       139 8184696  0   1 1 
613       139 8184696  0   1 1 
614       139 8184696  0   1 1 
615       139 8184696  0   1 1 
616       139 8184696  0   1 1 
617       139 8184696  0   1 1 
618       139 8184696  0   1 1 
619       139 8184696  0   1 1 
620       139 8184696  0   1 1 
621       139 8184696  0   1 1 
622       139 8184696  0   1 1 
623       139 8184696  0   1 1 
624       139 8184696  0   1 1 
625       139 8184696  0   1 1 
626       139 8184696  0   1 1 
627       139 8184696  0   1 1 
628       139 8184696  0   1 1 
629       139 8184696  0   1 1 
630       139 8184696  0   1 1 
631       139 8184696  0   1 1 
632       139 8184696  0   1 1 
633       139 8184696  0   1 1 
634       139 8184696  0   1 1 
635       139 8184696  0   1 1 
636       139 8184696  0   1 1 
637       139 8184696  0   1 1 
638       139 8184696  0   1 1 
639       139 8184696  0   1 1 
640       139 8184696  0   1 1 
641       139 8184696  0   1 1 
642       139 8184696  0   1 1 
643       139 8184696  0   1 1 
644       139 8184696  0   1 1 
645       139 8184696  0   1 1 
646       139 8184696  0   1 1 
647       139 8184696  0   1 1 
648       139 8184696  0   1 1 
649       139 8184696  0   1 1 
650       139 8184696  0   1 1 
651       139 8184696  0   1 1 
652       139 8184696  0   1 1 
653       139 8184696  0   1 1 
654       139 8184696  0   1 1 
655       139 8184696  0   1 1 
656       139 8184696  0   1 1 
657       139 8184696  0   1 1 
658       139 8184696  0   1 1 
659       139 8184696  0   1 1 
660       139 8184696  0   1 1 
661       139 8184696  0   1 1 
662       139 8184696  0   1 1 
663       139 8184696  0   1 1 
664       139 8184696  0   1 1 
665       139 8184696  0   1 1 
666       139 8184696  0   1 1 
667       139 8184696  0   1 1 
668       139 8184696  0   1 1 
669       139 8184696  0   1 1 
670       139 8184696  0   1 1 
671       139 8184696  0   1 1 
672       139 8184696  0   1 1 
673       139 8184696  0   1 1 
674       139 8184696  0   1 1 
675       139 8184696  0   1 1 
676       139 8184696  0   1 1 
677       139 8184696  0   1 1 
678       139 8184696  0   1 1 
679       139 8184696  0   1 1 
680       139 8184696  0   1 1 
681       139 8184696  0   1 1 
682       139 8184696  0   1 1 
683       139 8184696  0   1 1 
684       139 8184696  0   1 1 
685       139 8184696  0   1 1 
686       139 8184696  0   1 1 
687       139 8184696  0   1 1 
688       139 8184696  0   1 1 
689       139 8184696  0   1 1 
690       139 8184696  0   1 1 
691       139 8184696  0   1 1 
692       139 8184696  0   1 1 
693       139 8184696  0   1 1 
694       139 8184696  0   1 1 
695       139 8184696  0   1 1 
696       139 8184696  0   1 1 
697       139 8184696  0   1 1 
698       139 8184696  0   1 1 
699       139 8184696  0   1 1 
700       139 8184696  0   1 1 
701       139 8184696  0   1 1 
702       139 8184696  0   1 1 
703       139 8184696  0   1 1 
704       139 8184696  0   1 1 
705       139 8184696  0   1 1 
706       139 8184696  0   1 1 
707       139 8184696  0   1 1 
708       139 8184696  0   1 1 
709       139 8184696  0   1 1 
710       139 8184696  0   1 1 
711       139 8184696  0   1 1 
712       139 8184696  0   1 1 
713       139 8184696  0   1 1 
714       139 8184696  0   1 1 
715       139 8184696  0   1 1 
716       139 8184696  0   1 1 
717       139 8184696  0   1 1 
718       139 8184696  0   1 1 
719       139 8184696  0   1 1 
720       139 8184696  0   1 1 
721       139 8184696  0   1 1 
722       139 8184696  0   1 1 
723       139 8184696  0   1 1 
724       139 8184696  0   1 1 
725       139 8184696  0   1 1 
726       139 8184696  0   1 1 
727       139 8184696  0   1 1 
728       139 8184696  0   1 1 
729       139 8184696  0   1 1 
730       139 8184696  0   1 1 
731       139 8184696  0   1 1 
732       139 8184696  0   1 1 
733       139 8184696  0   1 1 
734       139 8184696  0   1 1 
735       139 8184696  0   1 1 
736       139 8184696  0   1 1 
737       139 8184696  0   1 1 
738       139 8184696  0   1 1 
739       139 8184696  0   1 1 
740       139 8184696  0   1 1 
741       139 8184696  0   1 1 
742       139 8184696  0   1 1 
743       139 8184696  0   1 1 
744       139 8184696  0   1 1 
745       139 8184696  0   1 1 
746       139 8184696  0   1 1 
747       139 8184696  0   1 1 
748       139 8184696  0   1 1 
749       139 8184696  0   1 1 
750       139 8184696  0   1 1 
751       139 8184696  0   1 1 
752       139 8184696  0   1 1 
753       139 8184696  0   1 1 
754       139 8184696  0   1 1 
755       139 8184696  0   1 1 
756       139 8184696  0   1 1 
757       139 8184696  0   1 1 
758       139 8184696  0   1 1 
759       139 8184696  0   1 1 
760       139 8184696  0   1 1 
761       139 8184696  0   1 1 
762       139 8184696  0   1 1 
763       139 8184696  0   1 1 
764       139 8184696  0   1 1 
765       139 8184696  0   1 1 
766       139 8184696  0   1 1 
767       139 8184696  0   1 1 
768       139 8184696  0   1 1 
769       139 8184696  0   1 1 
770       139 8184696  0   1 1 
771       139 8184696  0   1 1 
772       139 8184696  0   1 1 
773       139 8184696  0   1 1 
774       139 8184696  0   1 1 
775       139 8184696  0   1 1 
776       139 8184696  0   1 1 
777       139 8184696  0   1 1 
778       139 8184696  0   1 1 
779       139 8184696  0   1 1 
780       139 8184696  0   1 1 
781       139 8184696  0   1 1 
782       139 8184696  0   1 1 
783       139 8184696  0   1 1 
784       139 8184696  0   1 1 
785       139 8184696  0   1 1 
786       139 8184696  0   1 1 
787       139 8184696  0   1 1 
788       139 8184696  0   1 1 
789       139 8184696  0   1 1 
790       139 8184696  0   1 1 
791       139 8184696  0   1 1 
792       139 8184696  0   1 1 
793       139 8184696  0   1 1 
794       139 8184696  0   1 1 
795       139 8184696  0   1 1 
796       139 8184696  0   1 1 
797       139 8184696  0   1 1 
798       139 8184696  0   1 1 
799       139 8184696  0   1 1 
800       139 8184696  0   1 1 
801       139 8184696  0   1 1 
802       139 8184696  0   1 1 
803       139 8184696  0   1 1 
804       139 8184696  0   1 1 
805       139 8184696  0   1 1 
806       139 8184696  0   1 1 
807       139 8184696  0   1 1 
808       139 8184696  0   1 1 
809       139 8184696  0   1 1 
810       139 8184696  0   1 1 
811       139 8184696  0   1 1 
812       139 8184696  0   1 1 
813       139 8184696  0   1 1 
814       139 8184696  0   1 1 
815       139 8184696  0   1 1 
816       139 8184696  0   1 1 
817       139 8184696  0   1 1 
818       139 8184696  0   1 1 
819       139 8184696  0   1 1 
820       139 8184696  0   1 1 
821       139 8184696  0   1 1 
822       139 8184696  0   1 1 
823       139 8184696  0   1 1 
824       139 8184696  0   1 1 
825       139 8184696  0   1 1 
826       139 8184696  0   1 1 
827       139 8184696  0   1 1 
828       139 8184696  0   1 1 
829       139 8184696  0   1 1 
830       139 8184696  0   1 1 
831       139 8184696  0   1 1 
832       139 8184696  0   1 1 
833       139 8184696  0   1 1 
834       139 8184696  0   1 1 
835       139 8184696  0   1 1 
836       139 8184696  0   1 1 
837       139 8184696  0   1 1 
838       139 8184696  0   1 1 
839       139 8184696  0   1 1 
840       139 8184696  0   1 1 
841       139 8184696  0   1 1 
842       139 8184696  0   1 1 
843       139 8184696  0   1 1 
844       139 8184696  0   1 1 
845       139 8184696  0   1 1 
846       139 8184696  0   1 1 
847       139 8184696  0   1 1 
848       139 8184696  0   1 1 
849       139 8184696  0   1 1 
850       139 8184696  0   1 1 
851       139 8184696  0   1 1 
852       139 8184696  0   1 1 
853       139 8184696  0   1 1 
854       139 8184696  0   1 1 
855       139 8184696  0   1 1 
856       139 8184696  0   1 1 
857       139 8184696  0   1 1 
858       139 8184696  0   1 1 
859       139 8184696  0   1 1 
860       139 8184696  0   1 1 
861       139 8184696  0   1 1 
862       139 8184696  0   1 1 
863       139 8184696  0   1 1 
864       139 8184696  0   1 1 
865       139 8184696  0   1 1 
866       139 8184696  0   1 1 
867       139 8184696  0   1 1 
868       139 8184696  0   1 1 
869       139 8184696  0   1 1 
870       139 8184696  0   1 1 
871       139 8184696  0   1 1 
872       139 8184696  0   1 1 
873       139 8184696  0   1 1 
874       139 8184696  0   1 1 
875       139 8184696  0   1 1 
876       139 8184696  0   1 1 
877       139 8184696  0   1 1 
878       139 8184696  0   1 1 
879       139 8184696  0   1 1 
880       139 8184696  0   1 1 
881       139 8184696  0   1 1 
882       139 8184696  0   1 1 
883       139 8184696  0   1 1 
884       139 8184696  0   1 1 
885       139 8184696  0   1 1 
886       139 8184696  0   1 1 
887       139 8184696  0   1 1 
888       139 8184696  0   1 1 
889       139 8184696  0   1 1 
890       139 8184696  0   1 1 
891       139 8184696  0   1 1 
892       139 8184696  0   1 1 
893       139 8184696  0   1 1 
894       139 8184696  0   1 1 
895       139 8184696  0   1 1 
