Signal Legend:

Key        Signal Name

0        = sbox_out
1        = values_out
2        = test_out

Data Table:

Signals-> 0   1 2 

sample

-128      0   0 0 
-127      0   0 0 
-126      0   0 0 
-125      0   0 0 
-124      0   0 0 
-123      0   0 0 
-122      0   0 0 
-121      0   0 0 
-120      0   0 0 
-119      0   0 0 
-118      0   0 0 
-117      0   0 0 
-116      0   0 0 
-115      0   0 0 
-114      0   0 0 
-113      0   0 0 
-112      0   0 0 
-111      0   0 0 
-110      0   0 0 
-109      0   0 0 
-108      0   0 0 
-107      0   0 0 
-106      0   0 0 
-105      0   0 0 
-104      0   0 0 
-103      0   0 0 
-102      0   0 0 
-101      0   0 0 
-100      0   0 0 
-99       0   0 0 
-98       0   0 0 
-97       0   0 0 
-96       0   0 0 
-95       0   0 0 
-94       0   0 0 
-93       0   0 0 
-92       0   0 0 
-91       0   0 0 
-90       0   0 0 
-89       0   0 0 
-88       0   0 0 
-87       0   0 0 
-86       0   0 0 
-85       0   0 0 
-84       0   0 0 
-83       0   0 0 
-82       0   0 0 
-81       0   0 0 
-80       0   0 0 
-79       0   0 0 
-78       0   0 0 
-77       0   0 0 
-76       0   0 0 
-75       0   0 0 
-74       0   0 0 
-73       0   0 0 
-72       0   0 0 
-71       0   0 0 
-70       0   0 0 
-69       0   0 0 
-68       0   0 0 
-67       0   0 0 
-66       0   0 0 
-65       0   0 0 
-64       0   0 0 
-63       0   0 0 
-62       0   0 0 
-61       0   0 0 
-60       0   0 0 
-59       0   0 0 
-58       0   0 0 
-57       0   0 0 
-56       0   0 0 
-55       0   0 0 
-54       0   0 0 
-53       0   0 0 
-52       0   0 0 
-51       0   0 0 
-50       0   0 0 
-49       0   0 0 
-48       0   0 0 
-47       0   0 0 
-46       0   0 0 
-45       0   0 0 
-44       0   0 0 
-43       0   0 0 
-42       0   0 0 
-41       0   0 0 
-40       0   0 0 
-39       0   0 0 
-38       0   0 0 
-37       0   0 0 
-36       0   0 0 
-35       0   0 0 
-34       0   0 0 
-33       0   0 0 
-32       0   0 0 
-31       0   0 0 
-30       0   0 0 
-29       0   0 0 
-28       0   0 0 
-27       0   0 0 
-26       0   0 0 
-25       0   0 0 
-24       0   0 0 
-23       0   0 0 
-22       0   0 0 
-21       0   0 0 
-20       0   0 0 
-19       0   0 0 
-18       0   0 0 
-17       0   0 0 
-16       0   0 0 
-15       0   0 0 
-14       0   0 0 
-13       0   0 0 
-12       0   0 0 
-11       0   0 0 
-10       0   0 0 
-9        0   0 0 
-8        0   0 0 
-7        0   0 0 
-6        0   0 0 
-5        0   0 0 
-4        0   0 0 
-3        0   0 0 
-2        0   0 0 
-1        0   0 0 
0         0   0 1 
1         1   0 1 
2         2   0 1 
3         3   0 1 
4         4   0 1 
5         5   0 1 
6         6   0 1 
7         7   0 1 
8         8   0 1 
9         9   0 1 
10        10  0 1 
11        11  0 1 
12        12  0 1 
13        13  0 1 
14        14  0 1 
15        15  0 1 
16        16  0 1 
17        17  0 1 
18        18  0 1 
19        19  0 1 
20        20  0 1 
21        21  0 1 
22        22  0 1 
23        23  0 1 
24        24  0 1 
25        25  0 1 
26        26  0 1 
27        27  0 1 
28        28  0 1 
29        29  0 1 
30        30  0 1 
31        31  0 1 
32        32  0 1 
33        33  0 1 
34        34  0 1 
35        35  0 1 
36        36  0 1 
37        37  0 1 
38        38  0 1 
39        39  0 1 
40        40  0 1 
41        41  0 1 
42        42  0 1 
43        43  0 1 
44        44  0 1 
45        45  0 1 
46        46  0 1 
47        47  0 1 
48        48  0 1 
49        49  0 1 
50        50  0 1 
51        51  0 1 
52        52  0 1 
53        53  0 1 
54        54  0 1 
55        55  0 1 
56        56  0 1 
57        57  0 1 
58        58  0 1 
59        59  0 1 
60        60  0 1 
61        61  0 1 
62        62  0 1 
63        63  0 1 
64        64  0 1 
65        65  0 1 
66        66  0 1 
67        67  0 1 
68        68  0 1 
69        69  0 1 
70        70  0 1 
71        71  0 1 
72        72  0 1 
73        73  0 1 
74        74  0 1 
75        75  0 1 
76        76  0 1 
77        77  0 1 
78        78  0 1 
79        79  0 1 
80        80  0 1 
81        81  0 1 
82        82  0 1 
83        83  0 1 
84        84  0 1 
85        85  0 1 
86        86  0 1 
87        87  0 1 
88        88  0 1 
89        89  0 1 
90        90  0 1 
91        91  0 1 
92        92  0 1 
93        93  0 1 
94        94  0 1 
95        95  0 1 
96        96  0 1 
97        97  0 1 
98        98  0 1 
99        99  0 1 
100       100 0 1 
101       101 0 1 
102       102 0 1 
103       105 0 1 
104       104 0 1 
105       104 0 1 
106       106 0 1 
107       107 0 1 
108       108 0 1 
109       109 0 1 
110       110 0 1 
111       111 0 1 
112       112 0 1 
113       113 0 1 
114       114 0 1 
115       115 0 1 
116       116 0 1 
117       117 0 1 
118       118 0 1 
119       119 0 1 
120       120 0 1 
121       121 0 1 
122       122 0 1 
123       123 0 1 
124       124 0 1 
125       125 0 1 
126       126 0 1 
127       127 0 1 
128       128 0 1 
129       129 0 1 
130       130 0 1 
131       131 0 1 
132       132 0 1 
133       133 0 1 
134       134 0 1 
135       135 0 1 
136       136 0 1 
137       137 0 1 
138       138 0 1 
139       139 0 1 
140       140 0 1 
141       141 0 1 
142       142 0 1 
143       143 0 1 
144       144 0 1 
145       145 0 1 
146       146 0 1 
147       147 0 1 
148       148 0 1 
149       149 0 1 
150       150 0 1 
151       151 0 1 
152       152 0 1 
153       153 0 1 
154       154 0 1 
155       155 0 1 
156       156 0 1 
157       157 0 1 
158       158 0 1 
159       159 0 1 
160       160 0 1 
161       161 0 1 
162       162 0 1 
163       163 0 1 
164       164 0 1 
165       165 0 1 
166       166 0 1 
167       167 0 1 
168       168 0 1 
169       169 0 1 
170       170 0 1 
171       171 0 1 
172       172 0 1 
173       173 0 1 
174       174 0 1 
175       175 0 1 
176       176 0 1 
177       177 0 1 
178       178 0 1 
179       179 0 1 
180       180 0 1 
181       181 0 1 
182       182 0 1 
183       183 0 1 
184       184 0 1 
185       185 0 1 
186       186 0 1 
187       187 0 1 
188       188 0 1 
189       189 0 1 
190       190 0 1 
191       191 0 1 
192       192 0 1 
193       193 0 1 
194       194 0 1 
195       195 0 1 
196       196 0 1 
197       197 0 1 
198       198 0 1 
199       199 0 1 
200       200 0 1 
201       201 0 1 
202       202 0 1 
203       203 0 1 
204       204 0 1 
205       205 0 1 
206       206 0 1 
207       207 0 1 
208       208 0 1 
209       209 0 1 
210       210 0 1 
211       211 0 1 
212       212 0 1 
213       213 0 1 
214       214 0 1 
215       215 0 1 
216       216 0 1 
217       217 0 1 
218       218 0 1 
219       219 0 1 
220       220 0 1 
221       221 0 1 
222       222 0 1 
223       223 0 1 
224       224 0 1 
225       225 0 1 
226       226 0 1 
227       227 0 1 
228       228 0 1 
229       229 0 1 
230       230 0 1 
231       231 0 1 
232       232 0 1 
233       233 0 1 
234       234 0 1 
235       235 0 1 
236       236 0 1 
237       237 0 1 
238       238 0 1 
239       239 0 1 
240       240 0 1 
241       241 0 1 
242       242 0 1 
243       243 0 1 
244       244 0 1 
245       245 0 1 
246       246 0 1 
247       247 0 1 
248       248 0 1 
249       249 0 1 
250       250 0 1 
251       251 0 1 
252       252 0 1 
253       253 0 1 
254       254 0 1 
255       255 0 1 
256       255 0 1 
257       255 0 1 
258       255 0 1 
259       255 0 1 
260       255 0 1 
261       255 0 1 
262       255 0 1 
263       255 0 1 
264       255 0 1 
265       255 0 1 
266       255 0 1 
267       255 0 1 
268       255 0 1 
269       255 0 1 
270       255 0 1 
271       255 0 1 
272       255 0 1 
273       255 0 1 
274       255 0 1 
275       255 0 1 
276       255 0 1 
277       255 0 1 
278       255 0 1 
279       255 0 1 
280       255 0 1 
281       255 0 1 
282       255 0 1 
283       255 0 1 
284       255 0 1 
285       255 0 1 
286       255 0 1 
287       255 0 1 
288       255 0 1 
289       255 0 1 
290       255 0 1 
291       255 0 1 
292       255 0 1 
293       255 0 1 
294       255 0 1 
295       255 0 1 
296       255 0 1 
297       255 0 1 
298       255 0 1 
299       255 0 1 
300       255 0 1 
301       255 0 1 
302       255 0 1 
303       255 0 1 
304       255 0 1 
305       255 0 1 
306       255 0 1 
307       255 0 1 
308       255 0 1 
309       255 0 1 
310       255 0 1 
311       255 0 1 
312       255 0 1 
313       255 0 1 
314       255 0 1 
315       255 0 1 
316       255 0 1 
317       255 0 1 
318       255 0 1 
319       255 0 1 
320       255 0 1 
321       255 0 1 
322       255 0 1 
323       255 0 1 
324       255 0 1 
325       255 0 1 
326       255 0 1 
327       255 0 1 
328       255 0 1 
329       255 0 1 
330       255 0 1 
331       255 0 1 
332       255 0 1 
333       255 0 1 
334       255 0 1 
335       255 0 1 
336       255 0 1 
337       255 0 1 
338       255 0 1 
339       255 0 1 
340       255 0 1 
341       255 0 1 
342       255 0 1 
343       255 0 1 
344       255 0 1 
345       255 0 1 
346       255 0 1 
347       255 0 1 
348       255 0 1 
349       255 0 1 
350       255 0 1 
351       255 0 1 
352       255 0 1 
353       255 0 1 
354       255 0 1 
355       255 0 1 
356       255 0 1 
357       255 0 1 
358       255 0 1 
359       255 0 1 
360       255 0 1 
361       255 0 1 
362       255 0 1 
363       255 0 1 
364       255 0 1 
365       255 0 1 
366       255 0 1 
367       255 0 1 
368       255 0 1 
369       255 0 1 
370       255 0 1 
371       255 0 1 
372       255 0 1 
373       255 0 1 
374       255 0 1 
375       255 0 1 
376       255 0 1 
377       255 0 1 
378       255 0 1 
379       255 0 1 
380       255 0 1 
381       255 0 1 
382       255 0 1 
383       255 0 1 
384       255 0 1 
385       255 0 1 
386       255 0 1 
387       255 0 1 
388       255 0 1 
389       255 0 1 
390       255 0 1 
391       255 0 1 
392       255 0 1 
393       255 0 1 
394       255 0 1 
395       255 0 1 
396       255 0 1 
397       255 0 1 
398       255 0 1 
399       255 0 1 
400       255 0 1 
401       255 0 1 
402       255 0 1 
403       255 0 1 
404       255 0 1 
405       255 0 1 
406       255 0 1 
407       255 0 1 
408       255 0 1 
409       255 0 1 
410       255 0 1 
411       255 0 1 
412       255 0 1 
413       255 0 1 
414       255 0 1 
415       255 0 1 
416       255 0 1 
417       255 0 1 
418       255 0 1 
419       255 0 1 
420       255 0 1 
421       255 0 1 
422       255 0 1 
423       255 0 1 
424       255 0 1 
425       255 0 1 
426       255 0 1 
427       255 0 1 
428       255 0 1 
429       255 0 1 
430       255 0 1 
431       255 0 1 
432       255 0 1 
433       255 0 1 
434       255 0 1 
435       255 0 1 
436       255 0 1 
437       255 0 1 
438       255 0 1 
439       255 0 1 
440       255 0 1 
441       255 0 1 
442       255 0 1 
443       255 0 1 
444       255 0 1 
445       255 0 1 
446       255 0 1 
447       255 0 1 
448       255 0 1 
449       255 0 1 
450       255 0 1 
451       255 0 1 
452       255 0 1 
453       255 0 1 
454       255 0 1 
455       255 0 1 
456       255 0 1 
457       255 0 1 
458       255 0 1 
459       255 0 1 
460       255 0 1 
461       255 0 1 
462       255 0 1 
463       255 0 1 
464       255 0 1 
465       255 0 1 
466       255 0 1 
467       255 0 1 
468       255 0 1 
469       255 0 1 
470       255 0 1 
471       255 0 1 
472       255 0 1 
473       255 0 1 
474       255 0 1 
475       255 0 1 
476       255 0 1 
477       255 0 1 
478       255 0 1 
479       255 0 1 
480       255 0 1 
481       255 0 1 
482       255 0 1 
483       255 0 1 
484       255 0 1 
485       255 0 1 
486       255 0 1 
487       255 0 1 
488       255 0 1 
489       255 0 1 
490       255 0 1 
491       255 0 1 
492       255 0 1 
493       255 0 1 
494       255 0 1 
495       255 0 1 
496       255 0 1 
497       255 0 1 
498       255 0 1 
499       255 0 1 
500       255 0 1 
501       255 0 1 
502       255 0 1 
503       255 0 1 
504       255 0 1 
505       255 0 1 
506       255 0 1 
507       255 0 1 
508       255 0 1 
509       255 0 1 
510       255 0 1 
511       255 0 1 
512       255 0 1 
513       255 0 1 
514       255 0 1 
515       255 0 1 
516       255 0 1 
517       255 0 1 
518       255 0 1 
519       255 0 1 
520       255 0 1 
521       255 0 1 
522       255 0 1 
523       255 0 1 
524       255 0 1 
525       255 0 1 
526       255 0 1 
527       255 0 1 
528       255 0 1 
529       255 0 1 
530       255 0 1 
531       255 0 1 
532       255 0 1 
533       255 0 1 
534       255 0 1 
535       255 0 1 
536       255 0 1 
537       255 0 1 
538       255 0 1 
539       255 0 1 
540       255 0 1 
541       255 0 1 
542       255 0 1 
543       255 0 1 
544       255 0 1 
545       255 0 1 
546       255 0 1 
547       255 0 1 
548       255 0 1 
549       255 0 1 
550       255 0 1 
551       255 0 1 
552       255 0 1 
553       255 0 1 
554       255 0 1 
555       255 0 1 
556       255 0 1 
557       255 0 1 
558       255 0 1 
559       255 0 1 
560       255 0 1 
561       255 0 1 
562       255 0 1 
563       255 0 1 
564       255 0 1 
565       255 0 1 
566       255 0 1 
567       255 0 1 
568       255 0 1 
569       255 0 1 
570       255 0 1 
571       255 0 1 
572       255 0 1 
573       255 0 1 
574       255 0 1 
575       255 0 1 
576       255 0 1 
577       255 0 1 
578       255 0 1 
579       255 0 1 
580       255 0 1 
581       255 0 1 
582       255 0 1 
583       255 0 1 
584       255 0 1 
585       255 0 1 
586       255 0 1 
587       255 0 1 
588       255 0 1 
589       255 0 1 
590       255 0 1 
591       255 0 1 
592       255 0 1 
593       255 0 1 
594       255 0 1 
595       255 0 1 
596       255 0 1 
597       255 0 1 
598       255 0 1 
599       255 0 1 
600       255 0 1 
601       255 0 1 
602       255 0 1 
603       255 0 1 
604       255 0 1 
605       255 0 1 
606       255 0 1 
607       255 0 1 
608       255 0 1 
609       255 0 1 
610       255 0 1 
611       255 0 1 
612       255 0 1 
613       255 0 1 
614       255 0 1 
615       255 0 1 
616       255 0 1 
617       255 0 1 
618       255 0 1 
619       255 0 1 
620       255 0 1 
621       255 0 1 
622       255 0 1 
623       255 0 1 
624       255 0 1 
625       255 0 1 
626       255 0 1 
627       255 0 1 
628       255 0 1 
629       255 0 1 
630       255 0 1 
631       255 0 1 
632       255 0 1 
633       255 0 1 
634       255 0 1 
635       255 0 1 
636       255 0 1 
637       255 0 1 
638       255 0 1 
639       255 0 1 
640       255 0 1 
641       255 0 1 
642       255 0 1 
643       255 0 1 
644       255 0 1 
645       255 0 1 
646       255 0 1 
647       255 0 1 
648       255 0 1 
649       255 0 1 
650       255 0 1 
651       255 0 1 
652       255 0 1 
653       255 0 1 
654       255 0 1 
655       255 0 1 
656       255 0 1 
657       255 0 1 
658       255 0 1 
659       255 0 1 
660       255 0 1 
661       255 0 1 
662       255 0 1 
663       255 0 1 
664       255 0 1 
665       255 0 1 
666       255 0 1 
667       255 0 1 
668       255 0 1 
669       255 0 1 
670       255 0 1 
671       255 0 1 
672       255 0 1 
673       255 0 1 
674       255 0 1 
675       255 0 1 
676       255 0 1 
677       255 0 1 
678       255 0 1 
679       255 0 1 
680       255 0 1 
681       255 0 1 
682       255 0 1 
683       255 0 1 
684       255 0 1 
685       255 0 1 
686       255 0 1 
687       255 0 1 
688       255 0 1 
689       255 0 1 
690       255 0 1 
691       255 0 1 
692       255 0 1 
693       255 0 1 
694       255 0 1 
695       255 0 1 
696       255 0 1 
697       255 0 1 
698       255 0 1 
699       255 0 1 
700       255 0 1 
701       255 0 1 
702       255 0 1 
703       255 0 1 
704       255 0 1 
705       255 0 1 
706       255 0 1 
707       255 0 1 
708       255 0 1 
709       255 0 1 
710       255 0 1 
711       255 0 1 
712       255 0 1 
713       255 0 1 
714       255 0 1 
715       255 0 1 
716       255 0 1 
717       255 0 1 
718       255 0 1 
719       255 0 1 
720       255 0 1 
721       255 0 1 
722       255 0 1 
723       255 0 1 
724       255 0 1 
725       255 0 1 
726       255 0 1 
727       255 0 1 
728       255 0 1 
729       255 0 1 
730       255 0 1 
731       255 0 1 
732       255 0 1 
733       255 0 1 
734       255 0 1 
735       255 0 1 
736       255 0 1 
737       255 0 1 
738       255 0 1 
739       255 0 1 
740       255 0 1 
741       255 0 1 
742       255 0 1 
743       255 0 1 
744       255 0 1 
745       255 0 1 
746       255 0 1 
747       255 0 1 
748       255 0 1 
749       255 0 1 
750       255 0 1 
751       255 0 1 
752       255 0 1 
753       255 0 1 
754       255 0 1 
755       255 0 1 
756       255 0 1 
757       255 0 1 
758       255 0 1 
759       255 0 1 
760       255 0 1 
761       255 0 1 
762       255 0 1 
763       255 0 1 
764       255 0 1 
765       255 0 1 
766       255 0 1 
767       255 0 1 
768       255 0 1 
769       255 0 1 
770       255 0 1 
771       255 0 1 
772       255 0 1 
773       255 0 1 
774       255 0 1 
775       255 0 1 
776       255 0 1 
777       255 0 1 
778       255 0 1 
779       255 0 1 
780       255 0 1 
781       255 0 1 
782       255 0 1 
783       255 0 1 
784       255 0 1 
785       255 0 1 
786       255 0 1 
787       255 0 1 
788       255 0 1 
789       255 0 1 
790       255 0 1 
791       255 0 1 
792       255 0 1 
793       255 0 1 
794       255 0 1 
795       255 0 1 
796       255 0 1 
797       255 0 1 
798       255 0 1 
799       255 0 1 
800       255 0 1 
801       255 0 1 
802       255 0 1 
803       255 0 1 
804       255 0 1 
805       255 0 1 
806       255 0 1 
807       255 0 1 
808       255 0 1 
809       255 0 1 
810       255 0 1 
811       255 0 1 
812       255 0 1 
813       255 0 1 
814       255 0 1 
815       255 0 1 
816       255 0 1 
817       255 0 1 
818       255 0 1 
819       255 0 1 
820       255 0 1 
821       255 0 1 
822       255 0 1 
823       255 0 1 
824       255 0 1 
825       255 0 1 
826       255 0 1 
827       255 0 1 
828       255 0 1 
829       255 0 1 
830       255 0 1 
831       255 0 1 
832       255 0 1 
833       255 0 1 
834       255 0 1 
835       255 0 1 
836       255 0 1 
837       255 0 1 
838       255 0 1 
839       255 0 1 
840       255 0 1 
841       255 0 1 
842       255 0 1 
843       255 0 1 
844       255 0 1 
845       255 0 1 
846       255 0 1 
847       255 0 1 
848       255 0 1 
849       255 0 1 
850       255 0 1 
851       255 0 1 
852       255 0 1 
853       255 0 1 
854       255 0 1 
855       255 0 1 
856       255 0 1 
857       255 0 1 
858       255 0 1 
859       255 0 1 
860       255 0 1 
861       255 0 1 
862       255 0 1 
863       255 0 1 
864       255 0 1 
865       255 0 1 
866       255 0 1 
867       255 0 1 
868       255 0 1 
869       255 0 1 
870       255 0 1 
871       255 0 1 
872       255 0 1 
873       255 0 1 
874       255 0 1 
875       255 0 1 
876       255 0 1 
877       255 0 1 
878       255 0 1 
879       255 0 1 
880       255 0 1 
881       255 0 1 
882       255 0 1 
883       255 0 1 
884       255 0 1 
885       255 0 1 
886       255 0 1 
887       255 0 1 
888       255 0 1 
889       255 0 1 
890       255 0 1 
891       255 0 1 
892       255 0 1 
893       255 0 1 
894       255 0 1 
895       255 0 1 
