Signal Legend:

Key        Signal Name

0        = sbox_out
1        = values_out
2        = counter_out
3        = test_out
4        = done_out

Data Table:

Signals-> 0   1        2   3 4 

sample

-128      18  8168316  0   0 0 
-127      18  8168316  0   0 0 
-126      18  8168316  0   0 0 
-125      18  8168316  0   0 0 
-124      18  8168316  0   0 0 
-123      18  8168316  0   0 0 
-122      18  8168316  0   0 0 
-121      18  8168316  0   0 0 
-120      18  8168316  0   0 0 
-119      18  8168316  0   0 0 
-118      18  8168316  0   0 0 
-117      18  8168316  0   0 0 
-116      18  8168316  0   0 0 
-115      18  8168316  0   0 0 
-114      18  8168316  0   0 0 
-113      18  8168316  0   0 0 
-112      18  8168316  0   0 0 
-111      18  8168316  0   0 0 
-110      18  8168316  0   0 0 
-109      18  8168316  0   0 0 
-108      18  8168316  0   0 0 
-107      18  8168316  0   0 0 
-106      18  8168316  0   0 0 
-105      18  8168316  0   0 0 
-104      18  8168316  0   0 0 
-103      18  8168316  0   0 0 
-102      18  8168316  0   0 0 
-101      18  8168316  0   0 0 
-100      18  8168316  0   0 0 
-99       18  8168316  0   0 0 
-98       18  8168316  0   0 0 
-97       18  8168316  0   0 0 
-96       18  8168316  0   0 0 
-95       18  8168316  0   0 0 
-94       18  8168316  0   0 0 
-93       18  8168316  0   0 0 
-92       18  8168316  0   0 0 
-91       18  8168316  0   0 0 
-90       18  8168316  0   0 0 
-89       18  8168316  0   0 0 
-88       18  8168316  0   0 0 
-87       18  8168316  0   0 0 
-86       18  8168316  0   0 0 
-85       18  8168316  0   0 0 
-84       18  8168316  0   0 0 
-83       18  8168316  0   0 0 
-82       18  8168316  0   0 0 
-81       18  8168316  0   0 0 
-80       18  8168316  0   0 0 
-79       18  8168316  0   0 0 
-78       18  8168316  0   0 0 
-77       18  8168316  0   0 0 
-76       18  8168316  0   0 0 
-75       18  8168316  0   0 0 
-74       18  8168316  0   0 0 
-73       18  8168316  0   0 0 
-72       18  8168316  0   0 0 
-71       18  8168316  0   0 0 
-70       18  8168316  0   0 0 
-69       18  8168316  0   0 0 
-68       18  8168316  0   0 0 
-67       18  8168316  0   0 0 
-66       18  8168316  0   0 0 
-65       18  8168316  0   0 0 
-64       18  8168316  0   0 0 
-63       18  8168316  0   0 0 
-62       18  8168316  0   0 0 
-61       18  8168316  0   0 0 
-60       18  8168316  0   0 0 
-59       18  8168316  0   0 0 
-58       18  8168316  0   0 0 
-57       18  8168316  0   0 0 
-56       18  8168316  0   0 0 
-55       18  8168316  0   0 0 
-54       18  8168316  0   0 0 
-53       18  8168316  0   0 0 
-52       18  8168316  0   0 0 
-51       18  8168316  0   0 0 
-50       18  8168316  0   0 0 
-49       18  8168316  0   0 0 
-48       18  8168316  0   0 0 
-47       18  8168316  0   0 0 
-46       18  8168316  0   0 0 
-45       18  8168316  0   0 0 
-44       18  8168316  0   0 0 
-43       18  8168316  0   0 0 
-42       18  8168316  0   0 0 
-41       18  8168316  0   0 0 
-40       18  8168316  0   0 0 
-39       18  8168316  0   0 0 
-38       18  8168316  0   0 0 
-37       18  8168316  0   0 0 
-36       18  8168316  0   0 0 
-35       18  8168316  0   0 0 
-34       18  8168316  0   0 0 
-33       18  8168316  0   0 0 
-32       18  8168316  0   0 0 
-31       18  8168316  0   0 0 
-30       18  8168316  0   0 0 
-29       18  8168316  0   0 0 
-28       18  8168316  0   0 0 
-27       18  8168316  0   0 0 
-26       18  8168316  0   0 0 
-25       18  8168316  0   0 0 
-24       18  8168316  0   0 0 
-23       18  8168316  0   0 0 
-22       18  8168316  0   0 0 
-21       18  8168316  0   0 0 
-20       18  8168316  0   0 0 
-19       18  8168316  0   0 0 
-18       18  8168316  0   0 0 
-17       18  8168316  0   0 0 
-16       18  8168316  0   0 0 
-15       18  8168316  0   0 0 
-14       18  8168316  0   0 0 
-13       18  8168316  0   0 0 
-12       18  8168316  0   0 0 
-11       18  8168316  0   0 0 
-10       18  8168316  0   0 0 
-9        18  8168316  0   0 0 
-8        18  8168316  0   0 0 
-7        18  8168316  0   0 0 
-6        18  8168316  0   0 0 
-5        18  8168316  0   0 0 
-4        18  8168316  0   0 0 
-3        18  8168316  0   0 0 
-2        18  8168316  0   0 0 
-1        18  8168316  0   0 0 
0         91  -8342430 1   1 0 
1         62  -8258049 2   1 0 
2         61  -8244848 3   1 0 
3         70  -8156683 4   1 0 
4         144 -8010835 5   1 0 
5         196 -7991699 6   1 0 
6         84  -7939568 7   1 0 
7         14  -7913959 8   1 0 
8         25  -7885507 9   1 0 
9         168 -7692961 10  1 0 
10        162 -7543185 11  1 0 
11        141 -7506504 12  1 0 
12        140 -7460561 13  1 0 
13        120 -7352418 14  1 0 
14        254 -7255692 15  1 0 
15        218 -7179143 16  1 0 
16        249 -7131757 17  1 0 
17        156 -7100750 18  1 0 
18        131 -7084692 19  1 0 
19        129 -7035762 20  1 0 
20        78  -7022183 21  1 0 
21        181 -6872935 22  1 0 
22        37  -6840368 23  1 0 
23        186 -6784188 24  1 0 
24        29  -6760974 25  1 0 
25        159 -6696664 26  1 0 
26        35  -6444668 27  1 0 
27        68  -6425294 28  1 0 
28        27  -6397058 29  1 0 
29        172 -6375019 30  1 0 
30        22  -6372989 31  1 0 
31        178 -6331527 32  1 0 
32        142 -6282192 33  1 0 
33        97  -6278495 34  1 0 
34        77  -6257092 35  1 0 
35        113 -6210641 36  1 0 
36        101 -6169434 37  1 0 
37        114 -5934854 38  1 0 
38        89  -5902054 39  1 0 
39        21  -5768145 40  1 0 
40        240 -5765514 41  1 0 
41        15  -5727875 42  1 0 
42        67  -5662030 43  1 0 
43        179 -5466858 44  1 0 
44        132 -5455318 45  1 0 
45        99  -5437154 46  1 0 
46        152 -5411027 47  1 0 
47        11  -5398607 48  1 0 
48        16  -5392251 49  1 0 
49        55  -5379458 50  1 0 
50        239 -5347231 51  1 0 
51        167 -5257715 52  1 0 
52        93  -5147991 53  1 0 
53        145 -5023859 54  1 0 
54        171 -4969418 55  1 0 
55        187 -4895746 56  1 0 
56        56  -4891956 57  1 0 
57        7   -4880414 58  1 0 
58        227 -4858240 59  1 0 
59        244 -4850210 60  1 0 
60        192 -4750323 61  1 0 
61        23  -4735808 62  1 0 
62        209 -4534209 63  1 0 
63        194 -4520458 64  1 0 
64        98  -4394730 65  1 0 
65        229 -4244808 66  1 0 
66        211 -4231842 67  1 0 
67        46  -4225023 68  1 0 
68        173 -4158328 69  1 0 
69        63  -4108686 70  1 0 
70        238 -4101096 71  1 0 
71        174 -4040871 72  1 0 
72        250 -4037094 73  1 0 
73        169 -3931279 74  1 0 
74        237 -3819086 75  1 0 
75        160 -3818989 76  1 0 
76        217 -3668761 77  1 0 
77        107 -3647293 78  1 0 
78        108 -3522032 79  1 0 
79        151 -3461648 80  1 0 
80        119 -3448315 81  1 0 
81        57  -3356099 82  1 0 
82        83  -3327848 83  1 0 
83        163 -3313363 84  1 0 
84        212 -3280115 85  1 0 
85        39  -3238863 86  1 0 
86        76  -3183688 87  1 0 
87        153 -3103063 88  1 0 
88        133 -3042603 89  1 0 
89        228 -2889519 90  1 0 
90        59  -2838147 91  1 0 
91        125 -2832737 92  1 0 
92        182 -2657847 93  1 0 
93        176 -2601747 94  1 0 
94        191 -2480133 95  1 0 
95        94  -2472170 96  1 0 
96        82  -2456781 97  1 0 
97        134 -2216152 98  1 0 
98        17  -2214378 99  1 0 
99        73  -2198242 100 1 0 
100       52  -2187478 101 1 0 
101       135 -2134292 102 1 0 
102       147 -2127513 103 1 0 
103       195 -2056450 104 1 0 
104       252 -1987764 105 1 0 
105       233 -1986922 106 1 0 
106       45  -1922597 107 1 0 
107       183 -1920567 108 1 0 
108       184 -1861587 109 1 0 
109       0   -1565696 110 1 0 
110       54  -1545141 111 1 0 
111       116 -1522719 112 1 0 
112       69  -1491218 113 1 0 
113       8   -1486554 114 1 0 
114       109 -1441921 115 1 0 
115       49  -1417808 116 1 0 
116       143 -1399498 117 1 0 
117       219 -1330075 118 1 0 
118       126 -1144395 119 1 0 
119       96  -1122912 120 1 0 
120       71  -1030519 121 1 0 
121       85  -992966  122 1 0 
122       2   -970223  123 1 0 
123       200 -944135  124 1 0 
124       185 -922124  125 1 0 
125       110 -896156  126 1 0 
126       75  -889696  127 1 0 
127       50  -754348  128 1 0 
128       170 -649423  129 1 0 
129       255 -576183  130 1 0 
130       164 -563707  131 1 0 
131       43  -508049  132 1 0 
132       166 -401027  133 1 0 
133       175 -353174  134 1 0 
134       193 -345829  135 1 0 
135       95  -309462  136 1 0 
136       220 -270096  137 1 0 
137       245 -192627  138 1 0 
138       103 -139124  139 1 0 
139       28  -131874  140 1 0 
140       157 -28456   141 1 0 
141       106 -772     142 1 0 
142       199 37032    143 1 0 
143       247 240681   144 1 0 
144       112 263827   145 1 0 
145       155 411591   146 1 0 
146       128 507829   147 1 0 
147       253 551418   148 1 0 
148       60  658007   149 1 0 
149       24  766284   150 1 0 
150       1   802274   151 1 0 
151       118 821613   152 1 0 
152       221 883747   153 1 0 
153       5   896095   154 1 0 
154       150 947077   155 1 0 
155       210 950494   156 1 0 
156       31  1004921  157 1 0 
157       72  1043870  158 1 0 
158       226 1139874  159 1 0 
159       165 1158150  160 1 0 
160       235 1209867  161 1 0 
161       207 1305698  162 1 0 
162       146 1311420  163 1 0 
163       19  1414558  164 1 0 
164       177 1424332  165 1 0 
165       122 1459142  166 1 0 
166       86  1477911  167 1 0 
167       216 1519064  168 1 0 
168       180 1529924  169 1 0 
169       3   1545357  170 1 0 
170       74  1558617  171 1 0 
171       26  1732894  172 1 0 
172       6   1783833  173 1 0 
173       124 1810968  174 1 0 
174       80  1860234  175 1 0 
175       138 1989329  176 1 0 
176       251 2008931  177 1 0 
177       234 2011855  178 1 0 
178       161 2054039  179 1 0 
179       242 2182546  180 1 0 
180       214 2316941  181 1 0 
181       230 2328815  182 1 0 
182       149 2354199  183 1 0 
183       241 2358401  184 1 0 
184       34  2408429  185 1 0 
185       42  2485656  186 1 0 
186       30  2561340  187 1 0 
187       208 2573563  188 1 0 
188       139 2617499  189 1 0 
189       232 2671668  190 1 0 
190       92  2794814  191 1 0 
191       100 2884288  192 1 0 
192       224 2899799  193 1 0 
193       102 2953925  194 1 0 
194       248 3030248  195 1 0 
195       87  3041789  196 1 0 
196       4   3130261  197 1 0 
197       33  3139400  198 1 0 
198       205 3187870  199 1 0 
199       243 3195882  200 1 0 
200       90  3415449  201 1 0 
201       51  3489961  202 1 0 
202       213 3544275  203 1 0 
203       65  3712081  204 1 0 
204       79  3740225  205 1 0 
205       13  3747016  206 1 0 
206       38  3751788  207 1 0 
207       32  3756175  208 1 0 
208       40  3792799  209 1 0 
209       10  3830059  210 1 0 
210       206 4024172  211 1 0 
211       58  4228211  212 1 0 
212       136 4241745  213 1 0 
213       47  4259285  214 1 0 
214       201 4290627  215 1 0 
215       204 4448362  216 1 0 
216       148 4465743  217 1 0 
217       189 4723128  218 1 0 
218       225 4725063  219 1 0 
219       130 4898304  220 1 0 
220       154 4944884  221 1 0 
221       223 5235374  222 1 0 
222       88  5326291  223 1 0 
223       197 5360831  224 1 0 
224       202 5501003  225 1 0 
225       123 5567995  226 1 0 
226       137 5791857  227 1 0 
227       12  5887750  228 1 0 
228       9   5983386  229 1 0 
229       158 6082899  230 1 0 
230       53  6132973  231 1 0 
231       215 6154530  232 1 0 
232       121 6290084  233 1 0 
233       48  6310481  234 1 0 
234       188 6329010  235 1 0 
235       115 6329157  236 1 0 
236       231 6516059  237 1 0 
237       20  6675436  238 1 0 
238       81  6803580  239 1 0 
239       66  6916851  240 1 0 
240       117 6951960  241 1 0 
241       104 6976209  242 1 0 
242       64  7200005  243 1 0 
243       222 7214770  244 1 0 
244       127 7224094  245 1 0 
245       36  7238592  246 1 0 
246       198 7370735  247 1 0 
247       41  7386972  248 1 0 
248       246 7434108  249 1 0 
249       111 7457785  250 1 0 
250       105 7520550  251 1 0 
251       236 7670831  252 1 0 
252       44  7674869  253 1 0 
253       190 8140431  254 1 0 
254       203 8141657  255 1 0 
255       18  8168316  0   1 0 
256       18  8168316  0   1 1 
257       18  8168316  0   1 1 
258       18  8168316  0   1 1 
259       18  8168316  0   1 1 
260       18  8168316  0   1 1 
261       18  8168316  0   1 1 
262       18  8168316  0   1 1 
263       18  8168316  0   1 1 
264       18  8168316  0   1 1 
265       18  8168316  0   1 1 
266       18  8168316  0   1 1 
267       18  8168316  0   1 1 
268       18  8168316  0   1 1 
269       18  8168316  0   1 1 
270       18  8168316  0   1 1 
271       18  8168316  0   1 1 
272       18  8168316  0   1 1 
273       18  8168316  0   1 1 
274       18  8168316  0   1 1 
275       18  8168316  0   1 1 
276       18  8168316  0   1 1 
277       18  8168316  0   1 1 
278       18  8168316  0   1 1 
279       18  8168316  0   1 1 
280       18  8168316  0   1 1 
281       18  8168316  0   1 1 
282       18  8168316  0   1 1 
283       18  8168316  0   1 1 
284       18  8168316  0   1 1 
285       18  8168316  0   1 1 
286       18  8168316  0   1 1 
287       18  8168316  0   1 1 
288       18  8168316  0   1 1 
289       18  8168316  0   1 1 
290       18  8168316  0   1 1 
291       18  8168316  0   1 1 
292       18  8168316  0   1 1 
293       18  8168316  0   1 1 
294       18  8168316  0   1 1 
295       18  8168316  0   1 1 
296       18  8168316  0   1 1 
297       18  8168316  0   1 1 
298       18  8168316  0   1 1 
299       18  8168316  0   1 1 
300       18  8168316  0   1 1 
301       18  8168316  0   1 1 
302       18  8168316  0   1 1 
303       18  8168316  0   1 1 
304       18  8168316  0   1 1 
305       18  8168316  0   1 1 
306       18  8168316  0   1 1 
307       18  8168316  0   1 1 
308       18  8168316  0   1 1 
309       18  8168316  0   1 1 
310       18  8168316  0   1 1 
311       18  8168316  0   1 1 
312       18  8168316  0   1 1 
313       18  8168316  0   1 1 
314       18  8168316  0   1 1 
315       18  8168316  0   1 1 
316       18  8168316  0   1 1 
317       18  8168316  0   1 1 
318       18  8168316  0   1 1 
319       18  8168316  0   1 1 
320       18  8168316  0   1 1 
321       18  8168316  0   1 1 
322       18  8168316  0   1 1 
323       18  8168316  0   1 1 
324       18  8168316  0   1 1 
325       18  8168316  0   1 1 
326       18  8168316  0   1 1 
327       18  8168316  0   1 1 
328       18  8168316  0   1 1 
329       18  8168316  0   1 1 
330       18  8168316  0   1 1 
331       18  8168316  0   1 1 
332       18  8168316  0   1 1 
333       18  8168316  0   1 1 
334       18  8168316  0   1 1 
335       18  8168316  0   1 1 
336       18  8168316  0   1 1 
337       18  8168316  0   1 1 
338       18  8168316  0   1 1 
339       18  8168316  0   1 1 
340       18  8168316  0   1 1 
341       18  8168316  0   1 1 
342       18  8168316  0   1 1 
343       18  8168316  0   1 1 
344       18  8168316  0   1 1 
345       18  8168316  0   1 1 
346       18  8168316  0   1 1 
347       18  8168316  0   1 1 
348       18  8168316  0   1 1 
349       18  8168316  0   1 1 
350       18  8168316  0   1 1 
351       18  8168316  0   1 1 
352       18  8168316  0   1 1 
353       18  8168316  0   1 1 
354       18  8168316  0   1 1 
355       18  8168316  0   1 1 
356       18  8168316  0   1 1 
357       18  8168316  0   1 1 
358       18  8168316  0   1 1 
359       18  8168316  0   1 1 
360       18  8168316  0   1 1 
361       18  8168316  0   1 1 
362       18  8168316  0   1 1 
363       18  8168316  0   1 1 
364       18  8168316  0   1 1 
365       18  8168316  0   1 1 
366       18  8168316  0   1 1 
367       18  8168316  0   1 1 
368       18  8168316  0   1 1 
369       18  8168316  0   1 1 
370       18  8168316  0   1 1 
371       18  8168316  0   1 1 
372       18  8168316  0   1 1 
373       18  8168316  0   1 1 
374       18  8168316  0   1 1 
375       18  8168316  0   1 1 
376       18  8168316  0   1 1 
377       18  8168316  0   1 1 
378       18  8168316  0   1 1 
379       18  8168316  0   1 1 
380       18  8168316  0   1 1 
381       18  8168316  0   1 1 
382       18  8168316  0   1 1 
383       18  8168316  0   1 1 
384       18  8168316  0   1 1 
385       18  8168316  0   1 1 
386       18  8168316  0   1 1 
387       18  8168316  0   1 1 
388       18  8168316  0   1 1 
389       18  8168316  0   1 1 
390       18  8168316  0   1 1 
391       18  8168316  0   1 1 
392       18  8168316  0   1 1 
393       18  8168316  0   1 1 
394       18  8168316  0   1 1 
395       18  8168316  0   1 1 
396       18  8168316  0   1 1 
397       18  8168316  0   1 1 
398       18  8168316  0   1 1 
399       18  8168316  0   1 1 
400       18  8168316  0   1 1 
401       18  8168316  0   1 1 
402       18  8168316  0   1 1 
403       18  8168316  0   1 1 
404       18  8168316  0   1 1 
405       18  8168316  0   1 1 
406       18  8168316  0   1 1 
407       18  8168316  0   1 1 
408       18  8168316  0   1 1 
409       18  8168316  0   1 1 
410       18  8168316  0   1 1 
411       18  8168316  0   1 1 
412       18  8168316  0   1 1 
413       18  8168316  0   1 1 
414       18  8168316  0   1 1 
415       18  8168316  0   1 1 
416       18  8168316  0   1 1 
417       18  8168316  0   1 1 
418       18  8168316  0   1 1 
419       18  8168316  0   1 1 
420       18  8168316  0   1 1 
421       18  8168316  0   1 1 
422       18  8168316  0   1 1 
423       18  8168316  0   1 1 
424       18  8168316  0   1 1 
425       18  8168316  0   1 1 
426       18  8168316  0   1 1 
427       18  8168316  0   1 1 
428       18  8168316  0   1 1 
429       18  8168316  0   1 1 
430       18  8168316  0   1 1 
431       18  8168316  0   1 1 
432       18  8168316  0   1 1 
433       18  8168316  0   1 1 
434       18  8168316  0   1 1 
435       18  8168316  0   1 1 
436       18  8168316  0   1 1 
437       18  8168316  0   1 1 
438       18  8168316  0   1 1 
439       18  8168316  0   1 1 
440       18  8168316  0   1 1 
441       18  8168316  0   1 1 
442       18  8168316  0   1 1 
443       18  8168316  0   1 1 
444       18  8168316  0   1 1 
445       18  8168316  0   1 1 
446       18  8168316  0   1 1 
447       18  8168316  0   1 1 
448       18  8168316  0   1 1 
449       18  8168316  0   1 1 
450       18  8168316  0   1 1 
451       18  8168316  0   1 1 
452       18  8168316  0   1 1 
453       18  8168316  0   1 1 
454       18  8168316  0   1 1 
455       18  8168316  0   1 1 
456       18  8168316  0   1 1 
457       18  8168316  0   1 1 
458       18  8168316  0   1 1 
459       18  8168316  0   1 1 
460       18  8168316  0   1 1 
461       18  8168316  0   1 1 
462       18  8168316  0   1 1 
463       18  8168316  0   1 1 
464       18  8168316  0   1 1 
465       18  8168316  0   1 1 
466       18  8168316  0   1 1 
467       18  8168316  0   1 1 
468       18  8168316  0   1 1 
469       18  8168316  0   1 1 
470       18  8168316  0   1 1 
471       18  8168316  0   1 1 
472       18  8168316  0   1 1 
473       18  8168316  0   1 1 
474       18  8168316  0   1 1 
475       18  8168316  0   1 1 
476       18  8168316  0   1 1 
477       18  8168316  0   1 1 
478       18  8168316  0   1 1 
479       18  8168316  0   1 1 
480       18  8168316  0   1 1 
481       18  8168316  0   1 1 
482       18  8168316  0   1 1 
483       18  8168316  0   1 1 
484       18  8168316  0   1 1 
485       18  8168316  0   1 1 
486       18  8168316  0   1 1 
487       18  8168316  0   1 1 
488       18  8168316  0   1 1 
489       18  8168316  0   1 1 
490       18  8168316  0   1 1 
491       18  8168316  0   1 1 
492       18  8168316  0   1 1 
493       18  8168316  0   1 1 
494       18  8168316  0   1 1 
495       18  8168316  0   1 1 
496       18  8168316  0   1 1 
497       18  8168316  0   1 1 
498       18  8168316  0   1 1 
499       18  8168316  0   1 1 
500       18  8168316  0   1 1 
501       18  8168316  0   1 1 
502       18  8168316  0   1 1 
503       18  8168316  0   1 1 
504       18  8168316  0   1 1 
505       18  8168316  0   1 1 
506       18  8168316  0   1 1 
507       18  8168316  0   1 1 
508       18  8168316  0   1 1 
509       18  8168316  0   1 1 
510       18  8168316  0   1 1 
511       18  8168316  0   1 1 
512       18  8168316  0   1 1 
513       18  8168316  0   1 1 
514       18  8168316  0   1 1 
515       18  8168316  0   1 1 
516       18  8168316  0   1 1 
517       18  8168316  0   1 1 
518       18  8168316  0   1 1 
519       18  8168316  0   1 1 
520       18  8168316  0   1 1 
521       18  8168316  0   1 1 
522       18  8168316  0   1 1 
523       18  8168316  0   1 1 
524       18  8168316  0   1 1 
525       18  8168316  0   1 1 
526       18  8168316  0   1 1 
527       18  8168316  0   1 1 
528       18  8168316  0   1 1 
529       18  8168316  0   1 1 
530       18  8168316  0   1 1 
531       18  8168316  0   1 1 
532       18  8168316  0   1 1 
533       18  8168316  0   1 1 
534       18  8168316  0   1 1 
535       18  8168316  0   1 1 
536       18  8168316  0   1 1 
537       18  8168316  0   1 1 
538       18  8168316  0   1 1 
539       18  8168316  0   1 1 
540       18  8168316  0   1 1 
541       18  8168316  0   1 1 
542       18  8168316  0   1 1 
543       18  8168316  0   1 1 
544       18  8168316  0   1 1 
545       18  8168316  0   1 1 
546       18  8168316  0   1 1 
547       18  8168316  0   1 1 
548       18  8168316  0   1 1 
549       18  8168316  0   1 1 
550       18  8168316  0   1 1 
551       18  8168316  0   1 1 
552       18  8168316  0   1 1 
553       18  8168316  0   1 1 
554       18  8168316  0   1 1 
555       18  8168316  0   1 1 
556       18  8168316  0   1 1 
557       18  8168316  0   1 1 
558       18  8168316  0   1 1 
559       18  8168316  0   1 1 
560       18  8168316  0   1 1 
561       18  8168316  0   1 1 
562       18  8168316  0   1 1 
563       18  8168316  0   1 1 
564       18  8168316  0   1 1 
565       18  8168316  0   1 1 
566       18  8168316  0   1 1 
567       18  8168316  0   1 1 
568       18  8168316  0   1 1 
569       18  8168316  0   1 1 
570       18  8168316  0   1 1 
571       18  8168316  0   1 1 
572       18  8168316  0   1 1 
573       18  8168316  0   1 1 
574       18  8168316  0   1 1 
575       18  8168316  0   1 1 
576       18  8168316  0   1 1 
577       18  8168316  0   1 1 
578       18  8168316  0   1 1 
579       18  8168316  0   1 1 
580       18  8168316  0   1 1 
581       18  8168316  0   1 1 
582       18  8168316  0   1 1 
583       18  8168316  0   1 1 
584       18  8168316  0   1 1 
585       18  8168316  0   1 1 
586       18  8168316  0   1 1 
587       18  8168316  0   1 1 
588       18  8168316  0   1 1 
589       18  8168316  0   1 1 
590       18  8168316  0   1 1 
591       18  8168316  0   1 1 
592       18  8168316  0   1 1 
593       18  8168316  0   1 1 
594       18  8168316  0   1 1 
595       18  8168316  0   1 1 
596       18  8168316  0   1 1 
597       18  8168316  0   1 1 
598       18  8168316  0   1 1 
599       18  8168316  0   1 1 
600       18  8168316  0   1 1 
601       18  8168316  0   1 1 
602       18  8168316  0   1 1 
603       18  8168316  0   1 1 
604       18  8168316  0   1 1 
605       18  8168316  0   1 1 
606       18  8168316  0   1 1 
607       18  8168316  0   1 1 
608       18  8168316  0   1 1 
609       18  8168316  0   1 1 
610       18  8168316  0   1 1 
611       18  8168316  0   1 1 
612       18  8168316  0   1 1 
613       18  8168316  0   1 1 
614       18  8168316  0   1 1 
615       18  8168316  0   1 1 
616       18  8168316  0   1 1 
617       18  8168316  0   1 1 
618       18  8168316  0   1 1 
619       18  8168316  0   1 1 
620       18  8168316  0   1 1 
621       18  8168316  0   1 1 
622       18  8168316  0   1 1 
623       18  8168316  0   1 1 
624       18  8168316  0   1 1 
625       18  8168316  0   1 1 
626       18  8168316  0   1 1 
627       18  8168316  0   1 1 
628       18  8168316  0   1 1 
629       18  8168316  0   1 1 
630       18  8168316  0   1 1 
631       18  8168316  0   1 1 
632       18  8168316  0   1 1 
633       18  8168316  0   1 1 
634       18  8168316  0   1 1 
635       18  8168316  0   1 1 
636       18  8168316  0   1 1 
637       18  8168316  0   1 1 
638       18  8168316  0   1 1 
639       18  8168316  0   1 1 
640       18  8168316  0   1 1 
641       18  8168316  0   1 1 
642       18  8168316  0   1 1 
643       18  8168316  0   1 1 
644       18  8168316  0   1 1 
645       18  8168316  0   1 1 
646       18  8168316  0   1 1 
647       18  8168316  0   1 1 
648       18  8168316  0   1 1 
649       18  8168316  0   1 1 
650       18  8168316  0   1 1 
651       18  8168316  0   1 1 
652       18  8168316  0   1 1 
653       18  8168316  0   1 1 
654       18  8168316  0   1 1 
655       18  8168316  0   1 1 
656       18  8168316  0   1 1 
657       18  8168316  0   1 1 
658       18  8168316  0   1 1 
659       18  8168316  0   1 1 
660       18  8168316  0   1 1 
661       18  8168316  0   1 1 
662       18  8168316  0   1 1 
663       18  8168316  0   1 1 
664       18  8168316  0   1 1 
665       18  8168316  0   1 1 
666       18  8168316  0   1 1 
667       18  8168316  0   1 1 
668       18  8168316  0   1 1 
669       18  8168316  0   1 1 
670       18  8168316  0   1 1 
671       18  8168316  0   1 1 
672       18  8168316  0   1 1 
673       18  8168316  0   1 1 
674       18  8168316  0   1 1 
675       18  8168316  0   1 1 
676       18  8168316  0   1 1 
677       18  8168316  0   1 1 
678       18  8168316  0   1 1 
679       18  8168316  0   1 1 
680       18  8168316  0   1 1 
681       18  8168316  0   1 1 
682       18  8168316  0   1 1 
683       18  8168316  0   1 1 
684       18  8168316  0   1 1 
685       18  8168316  0   1 1 
686       18  8168316  0   1 1 
687       18  8168316  0   1 1 
688       18  8168316  0   1 1 
689       18  8168316  0   1 1 
690       18  8168316  0   1 1 
691       18  8168316  0   1 1 
692       18  8168316  0   1 1 
693       18  8168316  0   1 1 
694       18  8168316  0   1 1 
695       18  8168316  0   1 1 
696       18  8168316  0   1 1 
697       18  8168316  0   1 1 
698       18  8168316  0   1 1 
699       18  8168316  0   1 1 
700       18  8168316  0   1 1 
701       18  8168316  0   1 1 
702       18  8168316  0   1 1 
703       18  8168316  0   1 1 
704       18  8168316  0   1 1 
705       18  8168316  0   1 1 
706       18  8168316  0   1 1 
707       18  8168316  0   1 1 
708       18  8168316  0   1 1 
709       18  8168316  0   1 1 
710       18  8168316  0   1 1 
711       18  8168316  0   1 1 
712       18  8168316  0   1 1 
713       18  8168316  0   1 1 
714       18  8168316  0   1 1 
715       18  8168316  0   1 1 
716       18  8168316  0   1 1 
717       18  8168316  0   1 1 
718       18  8168316  0   1 1 
719       18  8168316  0   1 1 
720       18  8168316  0   1 1 
721       18  8168316  0   1 1 
722       18  8168316  0   1 1 
723       18  8168316  0   1 1 
724       18  8168316  0   1 1 
725       18  8168316  0   1 1 
726       18  8168316  0   1 1 
727       18  8168316  0   1 1 
728       18  8168316  0   1 1 
729       18  8168316  0   1 1 
730       18  8168316  0   1 1 
731       18  8168316  0   1 1 
732       18  8168316  0   1 1 
733       18  8168316  0   1 1 
734       18  8168316  0   1 1 
735       18  8168316  0   1 1 
736       18  8168316  0   1 1 
737       18  8168316  0   1 1 
738       18  8168316  0   1 1 
739       18  8168316  0   1 1 
740       18  8168316  0   1 1 
741       18  8168316  0   1 1 
742       18  8168316  0   1 1 
743       18  8168316  0   1 1 
744       18  8168316  0   1 1 
745       18  8168316  0   1 1 
746       18  8168316  0   1 1 
747       18  8168316  0   1 1 
748       18  8168316  0   1 1 
749       18  8168316  0   1 1 
750       18  8168316  0   1 1 
751       18  8168316  0   1 1 
752       18  8168316  0   1 1 
753       18  8168316  0   1 1 
754       18  8168316  0   1 1 
755       18  8168316  0   1 1 
756       18  8168316  0   1 1 
757       18  8168316  0   1 1 
758       18  8168316  0   1 1 
759       18  8168316  0   1 1 
760       18  8168316  0   1 1 
761       18  8168316  0   1 1 
762       18  8168316  0   1 1 
763       18  8168316  0   1 1 
764       18  8168316  0   1 1 
765       18  8168316  0   1 1 
766       18  8168316  0   1 1 
767       18  8168316  0   1 1 
768       18  8168316  0   1 1 
769       18  8168316  0   1 1 
770       18  8168316  0   1 1 
771       18  8168316  0   1 1 
772       18  8168316  0   1 1 
773       18  8168316  0   1 1 
774       18  8168316  0   1 1 
775       18  8168316  0   1 1 
776       18  8168316  0   1 1 
777       18  8168316  0   1 1 
778       18  8168316  0   1 1 
779       18  8168316  0   1 1 
780       18  8168316  0   1 1 
781       18  8168316  0   1 1 
782       18  8168316  0   1 1 
783       18  8168316  0   1 1 
784       18  8168316  0   1 1 
785       18  8168316  0   1 1 
786       18  8168316  0   1 1 
787       18  8168316  0   1 1 
788       18  8168316  0   1 1 
789       18  8168316  0   1 1 
790       18  8168316  0   1 1 
791       18  8168316  0   1 1 
792       18  8168316  0   1 1 
793       18  8168316  0   1 1 
794       18  8168316  0   1 1 
795       18  8168316  0   1 1 
796       18  8168316  0   1 1 
797       18  8168316  0   1 1 
798       18  8168316  0   1 1 
799       18  8168316  0   1 1 
800       18  8168316  0   1 1 
801       18  8168316  0   1 1 
802       18  8168316  0   1 1 
803       18  8168316  0   1 1 
804       18  8168316  0   1 1 
805       18  8168316  0   1 1 
806       18  8168316  0   1 1 
807       18  8168316  0   1 1 
808       18  8168316  0   1 1 
809       18  8168316  0   1 1 
810       18  8168316  0   1 1 
811       18  8168316  0   1 1 
812       18  8168316  0   1 1 
813       18  8168316  0   1 1 
814       18  8168316  0   1 1 
815       18  8168316  0   1 1 
816       18  8168316  0   1 1 
817       18  8168316  0   1 1 
818       18  8168316  0   1 1 
819       18  8168316  0   1 1 
820       18  8168316  0   1 1 
821       18  8168316  0   1 1 
822       18  8168316  0   1 1 
823       18  8168316  0   1 1 
824       18  8168316  0   1 1 
825       18  8168316  0   1 1 
826       18  8168316  0   1 1 
827       18  8168316  0   1 1 
828       18  8168316  0   1 1 
829       18  8168316  0   1 1 
830       18  8168316  0   1 1 
831       18  8168316  0   1 1 
832       18  8168316  0   1 1 
833       18  8168316  0   1 1 
834       18  8168316  0   1 1 
835       18  8168316  0   1 1 
836       18  8168316  0   1 1 
837       18  8168316  0   1 1 
838       18  8168316  0   1 1 
839       18  8168316  0   1 1 
840       18  8168316  0   1 1 
841       18  8168316  0   1 1 
842       18  8168316  0   1 1 
843       18  8168316  0   1 1 
844       18  8168316  0   1 1 
845       18  8168316  0   1 1 
846       18  8168316  0   1 1 
847       18  8168316  0   1 1 
848       18  8168316  0   1 1 
849       18  8168316  0   1 1 
850       18  8168316  0   1 1 
851       18  8168316  0   1 1 
852       18  8168316  0   1 1 
853       18  8168316  0   1 1 
854       18  8168316  0   1 1 
855       18  8168316  0   1 1 
856       18  8168316  0   1 1 
857       18  8168316  0   1 1 
858       18  8168316  0   1 1 
859       18  8168316  0   1 1 
860       18  8168316  0   1 1 
861       18  8168316  0   1 1 
862       18  8168316  0   1 1 
863       18  8168316  0   1 1 
864       18  8168316  0   1 1 
865       18  8168316  0   1 1 
866       18  8168316  0   1 1 
867       18  8168316  0   1 1 
868       18  8168316  0   1 1 
869       18  8168316  0   1 1 
870       18  8168316  0   1 1 
871       18  8168316  0   1 1 
872       18  8168316  0   1 1 
873       18  8168316  0   1 1 
874       18  8168316  0   1 1 
875       18  8168316  0   1 1 
876       18  8168316  0   1 1 
877       18  8168316  0   1 1 
878       18  8168316  0   1 1 
879       18  8168316  0   1 1 
880       18  8168316  0   1 1 
881       18  8168316  0   1 1 
882       18  8168316  0   1 1 
883       18  8168316  0   1 1 
884       18  8168316  0   1 1 
885       18  8168316  0   1 1 
886       18  8168316  0   1 1 
887       18  8168316  0   1 1 
888       18  8168316  0   1 1 
889       18  8168316  0   1 1 
890       18  8168316  0   1 1 
891       18  8168316  0   1 1 
892       18  8168316  0   1 1 
893       18  8168316  0   1 1 
894       18  8168316  0   1 1 
895       18  8168316  0   1 1 
