Signal Legend:

Key        Signal Name

0        = values_out
1        = sbox_out
2        = test_out
3        = counter_out
4        = done_out

Data Table:

Signals-> 0        1   2 3   4 

sample

-128      8221189  138 0 0   0 
-127      8221189  138 0 0   0 
-126      8221189  138 0 0   0 
-125      8221189  138 0 0   0 
-124      8221189  138 0 0   0 
-123      8221189  138 0 0   0 
-122      8221189  138 0 0   0 
-121      8221189  138 0 0   0 
-120      8221189  138 0 0   0 
-119      8221189  138 0 0   0 
-118      8221189  138 0 0   0 
-117      8221189  138 0 0   0 
-116      8221189  138 0 0   0 
-115      8221189  138 0 0   0 
-114      8221189  138 0 0   0 
-113      8221189  138 0 0   0 
-112      8221189  138 0 0   0 
-111      8221189  138 0 0   0 
-110      8221189  138 0 0   0 
-109      8221189  138 0 0   0 
-108      8221189  138 0 0   0 
-107      8221189  138 0 0   0 
-106      8221189  138 0 0   0 
-105      8221189  138 0 0   0 
-104      8221189  138 0 0   0 
-103      8221189  138 0 0   0 
-102      8221189  138 0 0   0 
-101      8221189  138 0 0   0 
-100      8221189  138 0 0   0 
-99       8221189  138 0 0   0 
-98       8221189  138 0 0   0 
-97       8221189  138 0 0   0 
-96       8221189  138 0 0   0 
-95       8221189  138 0 0   0 
-94       8221189  138 0 0   0 
-93       8221189  138 0 0   0 
-92       8221189  138 0 0   0 
-91       8221189  138 0 0   0 
-90       8221189  138 0 0   0 
-89       8221189  138 0 0   0 
-88       8221189  138 0 0   0 
-87       8221189  138 0 0   0 
-86       8221189  138 0 0   0 
-85       8221189  138 0 0   0 
-84       8221189  138 0 0   0 
-83       8221189  138 0 0   0 
-82       8221189  138 0 0   0 
-81       8221189  138 0 0   0 
-80       8221189  138 0 0   0 
-79       8221189  138 0 0   0 
-78       8221189  138 0 0   0 
-77       8221189  138 0 0   0 
-76       8221189  138 0 0   0 
-75       8221189  138 0 0   0 
-74       8221189  138 0 0   0 
-73       8221189  138 0 0   0 
-72       8221189  138 0 0   0 
-71       8221189  138 0 0   0 
-70       8221189  138 0 0   0 
-69       8221189  138 0 0   0 
-68       8221189  138 0 0   0 
-67       8221189  138 0 0   0 
-66       8221189  138 0 0   0 
-65       8221189  138 0 0   0 
-64       8221189  138 0 0   0 
-63       8221189  138 0 0   0 
-62       8221189  138 0 0   0 
-61       8221189  138 0 0   0 
-60       8221189  138 0 0   0 
-59       8221189  138 0 0   0 
-58       8221189  138 0 0   0 
-57       8221189  138 0 0   0 
-56       8221189  138 0 0   0 
-55       8221189  138 0 0   0 
-54       8221189  138 0 0   0 
-53       8221189  138 0 0   0 
-52       8221189  138 0 0   0 
-51       8221189  138 0 0   0 
-50       8221189  138 0 0   0 
-49       8221189  138 0 0   0 
-48       8221189  138 0 0   0 
-47       8221189  138 0 0   0 
-46       8221189  138 0 0   0 
-45       8221189  138 0 0   0 
-44       8221189  138 0 0   0 
-43       8221189  138 0 0   0 
-42       8221189  138 0 0   0 
-41       8221189  138 0 0   0 
-40       8221189  138 0 0   0 
-39       8221189  138 0 0   0 
-38       8221189  138 0 0   0 
-37       8221189  138 0 0   0 
-36       8221189  138 0 0   0 
-35       8221189  138 0 0   0 
-34       8221189  138 0 0   0 
-33       8221189  138 0 0   0 
-32       8221189  138 0 0   0 
-31       8221189  138 0 0   0 
-30       8221189  138 0 0   0 
-29       8221189  138 0 0   0 
-28       8221189  138 0 0   0 
-27       8221189  138 0 0   0 
-26       8221189  138 0 0   0 
-25       8221189  138 0 0   0 
-24       8221189  138 0 0   0 
-23       8221189  138 0 0   0 
-22       8221189  138 0 0   0 
-21       8221189  138 0 0   0 
-20       8221189  138 0 0   0 
-19       8221189  138 0 0   0 
-18       8221189  138 0 0   0 
-17       8221189  138 0 0   0 
-16       8221189  138 0 0   0 
-15       8221189  138 0 0   0 
-14       8221189  138 0 0   0 
-13       8221189  138 0 0   0 
-12       8221189  138 0 0   0 
-11       8221189  138 0 0   0 
-10       8221189  138 0 0   0 
-9        8221189  138 0 0   0 
-8        8221189  138 0 0   0 
-7        8221189  138 0 0   0 
-6        8221189  138 0 0   0 
-5        8221189  138 0 0   0 
-4        8221189  138 0 0   0 
-3        8221189  138 0 0   0 
-2        8221189  138 0 0   0 
-1        8221189  138 0 0   0 
0         -8224873 199 1 1   0 
1         -8222540 221 1 2   0 
2         -8105257 168 1 3   0 
3         -8091849 147 1 4   0 
4         -8010835 24  1 5   0 
5         -7991699 76  1 6   0 
6         -7869769 181 1 7   0 
7         -7752872 254 1 8   0 
8         -7692961 48  1 9   0 
9         -7543185 42  1 10  0 
10        -7506504 21  1 11  0 
11        -7460561 20  1 12  0 
12        -7275182 235 1 13  0 
13        -7255692 134 1 14  0 
14        -7239783 216 1 15  0 
15        -7179143 98  1 16  0 
16        -7136783 167 1 17  0 
17        -7131757 129 1 18  0 
18        -7100750 36  1 19  0 
19        -7084692 11  1 20  0 
20        -7081344 171 1 21  0 
21        -7072618 163 1 22  0 
22        -6929643 209 1 23  0 
23        -6907107 239 1 24  0 
24        -6885828 166 1 25  0 
25        -6872935 61  1 26  0 
26        -6807818 229 1 27  0 
27        -6784188 66  1 28  0 
28        -6696664 39  1 29  0 
29        -6564711 178 1 30  0 
30        -6531904 227 1 31  0 
31        -6375019 52  1 32  0 
32        -6331527 58  1 33  0 
33        -6282192 22  1 34  0 
34        -6074258 186 1 35  0 
35        -6035091 195 1 36  0 
36        -5894000 158 1 37  0 
37        -5776163 201 1 38  0 
38        -5765514 120 1 39  0 
39        -5508111 223 1 40  0 
40        -5466858 59  1 41  0 
41        -5455318 12  1 42  0 
42        -5416704 140 1 43  0 
43        -5411027 32  1 44  0 
44        -5347231 119 1 45  0 
45        -5347135 212 1 46  0 
46        -5257715 47  1 47  0 
47        -5209531 189 1 48  0 
48        -5023859 25  1 49  0 
49        -4969418 51  1 50  0 
50        -4895746 67  1 51  0 
51        -4880555 244 1 52  0 
52        -4880414 7   1 53  0 
53        -4879626 177 1 54  0 
54        -4873749 175 1 55  0 
55        -4858240 107 1 56  0 
56        -4850210 124 1 57  0 
57        -4750323 72  1 58  0 
58        -4720065 190 1 59  0 
59        -4546356 152 1 60  0 
60        -4534209 89  1 61  0 
61        -4520458 74  1 62  0 
62        -4244808 109 1 63  0 
63        -4231842 91  1 64  0 
64        -4177889 187 1 65  0 
65        -4158328 53  1 66  0 
66        -4156764 236 1 67  0 
67        -4101096 118 1 68  0 
68        -4040871 54  1 69  0 
69        -4037094 130 1 70  0 
70        -3998677 215 1 71  0 
71        -3976191 240 1 72  0 
72        -3931279 49  1 73  0 
73        -3913334 194 1 74  0 
74        -3819086 117 1 75  0 
75        -3818989 40  1 76  0 
76        -3668761 97  1 77  0 
77        -3544222 183 1 78  0 
78        -3461648 31  1 79  0 
79        -3318810 149 1 80  0 
80        -3313363 43  1 81  0 
81        -3291170 184 1 82  0 
82        -3280115 92  1 83  0 
83        -3103063 33  1 84  0 
84        -3043492 161 1 85  0 
85        -3042603 13  1 86  0 
86        -2889519 108 1 87  0 
87        -2792963 226 1 88  0 
88        -2790763 231 1 89  0 
89        -2657847 62  1 90  0 
90        -2621761 202 1 91  0 
91        -2601747 56  1 92  0 
92        -2556222 205 1 93  0 
93        -2480133 71  1 94  0 
94        -2414541 241 1 95  0 
95        -2340914 219 1 96  0 
96        -2216185 207 1 97  0 
97        -2216152 14  1 98  0 
98        -2134292 15  1 99  0 
99        -2127513 27  1 100 0 
100       -2107149 141 1 101 0 
101       -2104699 206 1 102 0 
102       -2056450 75  1 103 0 
103       -1987764 132 1 104 0 
104       -1986922 113 1 105 0 
105       -1920567 63  1 106 0 
106       -1879458 179 1 107 0 
107       -1861587 64  1 108 0 
108       -1565696 0   1 109 0 
109       -1486554 8   1 110 0 
110       -1399498 23  1 111 0 
111       -1330075 99  1 112 0 
112       -970223  2   1 113 0 
113       -944135  80  1 114 0 
114       -922124  65  1 115 0 
115       -649423  50  1 116 0 
116       -576183  135 1 117 0 
117       -563707  44  1 118 0 
118       -401027  46  1 119 0 
119       -371250  156 1 120 0 
120       -368835  164 1 121 0 
121       -353174  55  1 122 0 
122       -345829  73  1 123 0 
123       -296185  174 1 124 0 
124       -270096  100 1 125 0 
125       -237854  182 1 126 0 
126       -192627  125 1 127 0 
127       -28456   37  1 128 0 
128       76389    162 1 129 0 
129       240681   127 1 130 0 
130       315520   79  1 131 0 
131       411591   35  1 132 0 
132       449446   255 1 133 0 
133       474580   237 1 134 0 
134       551418   133 1 135 0 
135       637435   154 1 136 0 
136       710035   243 1 137 0 
137       801434   153 1 138 0 
138       802274   1   1 139 0 
139       883747   101 1 140 0 
140       896095   5   1 141 0 
141       947077   30  1 142 0 
142       950494   90  1 143 0 
143       1139874  106 1 144 0 
144       1158150  45  1 145 0 
145       1209867  115 1 146 0 
146       1305698  87  1 147 0 
147       1311420  26  1 148 0 
148       1416179  233 1 149 0 
149       1424332  57  1 150 0 
150       1519064  96  1 151 0 
151       1529924  60  1 152 0 
152       1545357  3   1 153 0 
153       1687838  170 1 154 0 
154       1761368  210 1 155 0 
155       1781591  151 1 156 0 
156       1783833  6   1 157 0 
157       1829015  203 1 158 0 
158       1989329  18  1 159 0 
159       1995287  213 1 160 0 
160       2008931  131 1 161 0 
161       2011855  114 1 162 0 
162       2054039  41  1 163 0 
163       2108637  136 1 164 0 
164       2182546  122 1 165 0 
165       2184469  142 1 166 0 
166       2316941  94  1 167 0 
167       2328815  110 1 168 0 
168       2329358  192 1 169 0 
169       2354199  29  1 170 0 
170       2358401  121 1 171 0 
171       2535986  220 1 172 0 
172       2573563  88  1 173 0 
173       2617499  19  1 174 0 
174       2671668  112 1 175 0 
175       2809479  155 1 176 0 
176       2811854  247 1 177 0 
177       2899799  104 1 178 0 
178       2952710  228 1 179 0 
179       3030248  128 1 180 0 
180       3084138  204 1 181 0 
181       3130261  4   1 182 0 
182       3161915  173 1 183 0 
183       3187870  85  1 184 0 
184       3195882  123 1 185 0 
185       3544275  93  1 186 0 
186       3624891  159 1 187 0 
187       3671186  172 1 188 0 
188       3680071  230 1 189 0 
189       3694016  211 1 190 0 
190       3772762  224 1 191 0 
191       3791431  225 1 192 0 
192       3940482  252 1 193 0 
193       3991194  238 1 194 0 
194       4024172  86  1 195 0 
195       4274054  245 1 196 0 
196       4290881  16  1 197 0 
197       4290627  81  1 198 0 
198       4349852  218 1 199 0 
199       4434891  137 1 200 0 
200       4448362  84  1 201 0 
201       4465743  28  1 202 0 
202       4685684  250 1 203 0 
203       4723128  69  1 204 0 
204       4725063  105 1 205 0 
205       4769207  145 1 206 0 
206       4817522  232 1 207 0 
207       4898304  10  1 208 0 
208       4915197  188 1 209 0 
209       4944884  34  1 210 0 
210       5028737  208 1 211 0 
211       5235374  103 1 212 0 
212       5360831  77  1 213 0 
213       5381310  251 1 214 0 
214       5473810  169 1 215 0 
215       5492940  185 1 216 0 
216       5501003  82  1 217 0 
217       5533349  150 1 218 0 
218       5564779  165 1 219 0 
219       5567833  249 1 220 0 
220       5570739  222 1 221 0 
221       5791857  17  1 222 0 
222       5983386  9   1 223 0 
223       6020834  157 1 224 0 
224       6082899  38  1 225 0 
225       6154530  95  1 226 0 
226       6212971  196 1 227 0 
227       6279249  148 1 228 0 
228       6297251  242 1 229 0 
229       6313590  139 1 230 0 
230       6329010  68  1 231 0 
231       6474427  176 1 232 0 
232       6516059  111 1 233 0 
233       6669313  246 1 234 0 
234       6718421  217 1 235 0 
235       6719467  180 1 236 0 
236       7214770  102 1 237 0 
237       7266534  198 1 238 0 
238       7289660  160 1 239 0 
239       7301297  144 1 240 0 
240       7370735  78  1 241 0 
241       7434108  126 1 242 0 
242       7543873  191 1 243 0 
243       7615074  197 1 244 0 
244       7670831  116 1 245 0 
245       7707306  234 1 246 0 
246       7805686  248 1 247 0 
247       7901466  146 1 248 0 
248       7992501  214 1 249 0 
249       8046213  193 1 250 0 
250       8060147  200 1 251 0 
251       8112659  253 1 252 0 
252       8117321  138 1 253 0 
253       8140431  70  1 254 0 
254       8141657  83  1 255 0 
255       8221189  143 1 0   0 
256       8221189  143 1 0   1 
257       8221189  143 1 0   1 
258       8221189  143 1 0   1 
259       8221189  143 1 0   1 
260       8221189  143 1 0   1 
261       8221189  143 1 0   1 
262       8221189  143 1 0   1 
263       8221189  143 1 0   1 
264       8221189  143 1 0   1 
265       8221189  143 1 0   1 
266       8221189  143 1 0   1 
267       8221189  143 1 0   1 
268       8221189  143 1 0   1 
269       8221189  143 1 0   1 
270       8221189  143 1 0   1 
271       8221189  143 1 0   1 
272       8221189  143 1 0   1 
273       8221189  143 1 0   1 
274       8221189  143 1 0   1 
275       8221189  143 1 0   1 
276       8221189  143 1 0   1 
277       8221189  143 1 0   1 
278       8221189  143 1 0   1 
279       8221189  143 1 0   1 
280       8221189  143 1 0   1 
281       8221189  143 1 0   1 
282       8221189  143 1 0   1 
283       8221189  143 1 0   1 
284       8221189  143 1 0   1 
285       8221189  143 1 0   1 
286       8221189  143 1 0   1 
287       8221189  143 1 0   1 
288       8221189  143 1 0   1 
289       8221189  143 1 0   1 
290       8221189  143 1 0   1 
291       8221189  143 1 0   1 
292       8221189  143 1 0   1 
293       8221189  143 1 0   1 
294       8221189  143 1 0   1 
295       8221189  143 1 0   1 
296       8221189  143 1 0   1 
297       8221189  143 1 0   1 
298       8221189  143 1 0   1 
299       8221189  143 1 0   1 
300       8221189  143 1 0   1 
301       8221189  143 1 0   1 
302       8221189  143 1 0   1 
303       8221189  143 1 0   1 
304       8221189  143 1 0   1 
305       8221189  143 1 0   1 
306       8221189  143 1 0   1 
307       8221189  143 1 0   1 
308       8221189  143 1 0   1 
309       8221189  143 1 0   1 
310       8221189  143 1 0   1 
311       8221189  143 1 0   1 
312       8221189  143 1 0   1 
313       8221189  143 1 0   1 
314       8221189  143 1 0   1 
315       8221189  143 1 0   1 
316       8221189  143 1 0   1 
317       8221189  143 1 0   1 
318       8221189  143 1 0   1 
319       8221189  143 1 0   1 
320       8221189  143 1 0   1 
321       8221189  143 1 0   1 
322       8221189  143 1 0   1 
323       8221189  143 1 0   1 
324       8221189  143 1 0   1 
325       8221189  143 1 0   1 
326       8221189  143 1 0   1 
327       8221189  143 1 0   1 
328       8221189  143 1 0   1 
329       8221189  143 1 0   1 
330       8221189  143 1 0   1 
331       8221189  143 1 0   1 
332       8221189  143 1 0   1 
333       8221189  143 1 0   1 
334       8221189  143 1 0   1 
335       8221189  143 1 0   1 
336       8221189  143 1 0   1 
337       8221189  143 1 0   1 
338       8221189  143 1 0   1 
339       8221189  143 1 0   1 
340       8221189  143 1 0   1 
341       8221189  143 1 0   1 
342       8221189  143 1 0   1 
343       8221189  143 1 0   1 
344       8221189  143 1 0   1 
345       8221189  143 1 0   1 
346       8221189  143 1 0   1 
347       8221189  143 1 0   1 
348       8221189  143 1 0   1 
349       8221189  143 1 0   1 
350       8221189  143 1 0   1 
351       8221189  143 1 0   1 
352       8221189  143 1 0   1 
353       8221189  143 1 0   1 
354       8221189  143 1 0   1 
355       8221189  143 1 0   1 
356       8221189  143 1 0   1 
357       8221189  143 1 0   1 
358       8221189  143 1 0   1 
359       8221189  143 1 0   1 
360       8221189  143 1 0   1 
361       8221189  143 1 0   1 
362       8221189  143 1 0   1 
363       8221189  143 1 0   1 
364       8221189  143 1 0   1 
365       8221189  143 1 0   1 
366       8221189  143 1 0   1 
367       8221189  143 1 0   1 
368       8221189  143 1 0   1 
369       8221189  143 1 0   1 
370       8221189  143 1 0   1 
371       8221189  143 1 0   1 
372       8221189  143 1 0   1 
373       8221189  143 1 0   1 
374       8221189  143 1 0   1 
375       8221189  143 1 0   1 
376       8221189  143 1 0   1 
377       8221189  143 1 0   1 
378       8221189  143 1 0   1 
379       8221189  143 1 0   1 
380       8221189  143 1 0   1 
381       8221189  143 1 0   1 
382       8221189  143 1 0   1 
383       8221189  143 1 0   1 
384       8221189  143 1 0   1 
385       8221189  143 1 0   1 
386       8221189  143 1 0   1 
387       8221189  143 1 0   1 
388       8221189  143 1 0   1 
389       8221189  143 1 0   1 
390       8221189  143 1 0   1 
391       8221189  143 1 0   1 
392       8221189  143 1 0   1 
393       8221189  143 1 0   1 
394       8221189  143 1 0   1 
395       8221189  143 1 0   1 
396       8221189  143 1 0   1 
397       8221189  143 1 0   1 
398       8221189  143 1 0   1 
399       8221189  143 1 0   1 
400       8221189  143 1 0   1 
401       8221189  143 1 0   1 
402       8221189  143 1 0   1 
403       8221189  143 1 0   1 
404       8221189  143 1 0   1 
405       8221189  143 1 0   1 
406       8221189  143 1 0   1 
407       8221189  143 1 0   1 
408       8221189  143 1 0   1 
409       8221189  143 1 0   1 
410       8221189  143 1 0   1 
411       8221189  143 1 0   1 
412       8221189  143 1 0   1 
413       8221189  143 1 0   1 
414       8221189  143 1 0   1 
415       8221189  143 1 0   1 
416       8221189  143 1 0   1 
417       8221189  143 1 0   1 
418       8221189  143 1 0   1 
419       8221189  143 1 0   1 
420       8221189  143 1 0   1 
421       8221189  143 1 0   1 
422       8221189  143 1 0   1 
423       8221189  143 1 0   1 
424       8221189  143 1 0   1 
425       8221189  143 1 0   1 
426       8221189  143 1 0   1 
427       8221189  143 1 0   1 
428       8221189  143 1 0   1 
429       8221189  143 1 0   1 
430       8221189  143 1 0   1 
431       8221189  143 1 0   1 
432       8221189  143 1 0   1 
433       8221189  143 1 0   1 
434       8221189  143 1 0   1 
435       8221189  143 1 0   1 
436       8221189  143 1 0   1 
437       8221189  143 1 0   1 
438       8221189  143 1 0   1 
439       8221189  143 1 0   1 
440       8221189  143 1 0   1 
441       8221189  143 1 0   1 
442       8221189  143 1 0   1 
443       8221189  143 1 0   1 
444       8221189  143 1 0   1 
445       8221189  143 1 0   1 
446       8221189  143 1 0   1 
447       8221189  143 1 0   1 
448       8221189  143 1 0   1 
449       8221189  143 1 0   1 
450       8221189  143 1 0   1 
451       8221189  143 1 0   1 
452       8221189  143 1 0   1 
453       8221189  143 1 0   1 
454       8221189  143 1 0   1 
455       8221189  143 1 0   1 
456       8221189  143 1 0   1 
457       8221189  143 1 0   1 
458       8221189  143 1 0   1 
459       8221189  143 1 0   1 
460       8221189  143 1 0   1 
461       8221189  143 1 0   1 
462       8221189  143 1 0   1 
463       8221189  143 1 0   1 
464       8221189  143 1 0   1 
465       8221189  143 1 0   1 
466       8221189  143 1 0   1 
467       8221189  143 1 0   1 
468       8221189  143 1 0   1 
469       8221189  143 1 0   1 
470       8221189  143 1 0   1 
471       8221189  143 1 0   1 
472       8221189  143 1 0   1 
473       8221189  143 1 0   1 
474       8221189  143 1 0   1 
475       8221189  143 1 0   1 
476       8221189  143 1 0   1 
477       8221189  143 1 0   1 
478       8221189  143 1 0   1 
479       8221189  143 1 0   1 
480       8221189  143 1 0   1 
481       8221189  143 1 0   1 
482       8221189  143 1 0   1 
483       8221189  143 1 0   1 
484       8221189  143 1 0   1 
485       8221189  143 1 0   1 
486       8221189  143 1 0   1 
487       8221189  143 1 0   1 
488       8221189  143 1 0   1 
489       8221189  143 1 0   1 
490       8221189  143 1 0   1 
491       8221189  143 1 0   1 
492       8221189  143 1 0   1 
493       8221189  143 1 0   1 
494       8221189  143 1 0   1 
495       8221189  143 1 0   1 
496       8221189  143 1 0   1 
497       8221189  143 1 0   1 
498       8221189  143 1 0   1 
499       8221189  143 1 0   1 
500       8221189  143 1 0   1 
501       8221189  143 1 0   1 
502       8221189  143 1 0   1 
503       8221189  143 1 0   1 
504       8221189  143 1 0   1 
505       8221189  143 1 0   1 
506       8221189  143 1 0   1 
507       8221189  143 1 0   1 
508       8221189  143 1 0   1 
509       8221189  143 1 0   1 
510       8221189  143 1 0   1 
511       8221189  143 1 0   1 
512       8221189  143 1 0   1 
513       8221189  143 1 0   1 
514       8221189  143 1 0   1 
515       8221189  143 1 0   1 
516       8221189  143 1 0   1 
517       8221189  143 1 0   1 
518       8221189  143 1 0   1 
519       8221189  143 1 0   1 
520       8221189  143 1 0   1 
521       8221189  143 1 0   1 
522       8221189  143 1 0   1 
523       8221189  143 1 0   1 
524       8221189  143 1 0   1 
525       8221189  143 1 0   1 
526       8221189  143 1 0   1 
527       8221189  143 1 0   1 
528       8221189  143 1 0   1 
529       8221189  143 1 0   1 
530       8221189  143 1 0   1 
531       8221189  143 1 0   1 
532       8221189  143 1 0   1 
533       8221189  143 1 0   1 
534       8221189  143 1 0   1 
535       8221189  143 1 0   1 
536       8221189  143 1 0   1 
537       8221189  143 1 0   1 
538       8221189  143 1 0   1 
539       8221189  143 1 0   1 
540       8221189  143 1 0   1 
541       8221189  143 1 0   1 
542       8221189  143 1 0   1 
543       8221189  143 1 0   1 
544       8221189  143 1 0   1 
545       8221189  143 1 0   1 
546       8221189  143 1 0   1 
547       8221189  143 1 0   1 
548       8221189  143 1 0   1 
549       8221189  143 1 0   1 
550       8221189  143 1 0   1 
551       8221189  143 1 0   1 
552       8221189  143 1 0   1 
553       8221189  143 1 0   1 
554       8221189  143 1 0   1 
555       8221189  143 1 0   1 
556       8221189  143 1 0   1 
557       8221189  143 1 0   1 
558       8221189  143 1 0   1 
559       8221189  143 1 0   1 
560       8221189  143 1 0   1 
561       8221189  143 1 0   1 
562       8221189  143 1 0   1 
563       8221189  143 1 0   1 
564       8221189  143 1 0   1 
565       8221189  143 1 0   1 
566       8221189  143 1 0   1 
567       8221189  143 1 0   1 
568       8221189  143 1 0   1 
569       8221189  143 1 0   1 
570       8221189  143 1 0   1 
571       8221189  143 1 0   1 
572       8221189  143 1 0   1 
573       8221189  143 1 0   1 
574       8221189  143 1 0   1 
575       8221189  143 1 0   1 
576       8221189  143 1 0   1 
577       8221189  143 1 0   1 
578       8221189  143 1 0   1 
579       8221189  143 1 0   1 
580       8221189  143 1 0   1 
581       8221189  143 1 0   1 
582       8221189  143 1 0   1 
583       8221189  143 1 0   1 
584       8221189  143 1 0   1 
585       8221189  143 1 0   1 
586       8221189  143 1 0   1 
587       8221189  143 1 0   1 
588       8221189  143 1 0   1 
589       8221189  143 1 0   1 
590       8221189  143 1 0   1 
591       8221189  143 1 0   1 
592       8221189  143 1 0   1 
593       8221189  143 1 0   1 
594       8221189  143 1 0   1 
595       8221189  143 1 0   1 
596       8221189  143 1 0   1 
597       8221189  143 1 0   1 
598       8221189  143 1 0   1 
599       8221189  143 1 0   1 
600       8221189  143 1 0   1 
601       8221189  143 1 0   1 
602       8221189  143 1 0   1 
603       8221189  143 1 0   1 
604       8221189  143 1 0   1 
605       8221189  143 1 0   1 
606       8221189  143 1 0   1 
607       8221189  143 1 0   1 
608       8221189  143 1 0   1 
609       8221189  143 1 0   1 
610       8221189  143 1 0   1 
611       8221189  143 1 0   1 
612       8221189  143 1 0   1 
613       8221189  143 1 0   1 
614       8221189  143 1 0   1 
615       8221189  143 1 0   1 
616       8221189  143 1 0   1 
617       8221189  143 1 0   1 
618       8221189  143 1 0   1 
619       8221189  143 1 0   1 
620       8221189  143 1 0   1 
621       8221189  143 1 0   1 
622       8221189  143 1 0   1 
623       8221189  143 1 0   1 
624       8221189  143 1 0   1 
625       8221189  143 1 0   1 
626       8221189  143 1 0   1 
627       8221189  143 1 0   1 
628       8221189  143 1 0   1 
629       8221189  143 1 0   1 
630       8221189  143 1 0   1 
631       8221189  143 1 0   1 
632       8221189  143 1 0   1 
633       8221189  143 1 0   1 
634       8221189  143 1 0   1 
635       8221189  143 1 0   1 
636       8221189  143 1 0   1 
637       8221189  143 1 0   1 
638       8221189  143 1 0   1 
639       8221189  143 1 0   1 
640       8221189  143 1 0   1 
641       8221189  143 1 0   1 
642       8221189  143 1 0   1 
643       8221189  143 1 0   1 
644       8221189  143 1 0   1 
645       8221189  143 1 0   1 
646       8221189  143 1 0   1 
647       8221189  143 1 0   1 
648       8221189  143 1 0   1 
649       8221189  143 1 0   1 
650       8221189  143 1 0   1 
651       8221189  143 1 0   1 
652       8221189  143 1 0   1 
653       8221189  143 1 0   1 
654       8221189  143 1 0   1 
655       8221189  143 1 0   1 
656       8221189  143 1 0   1 
657       8221189  143 1 0   1 
658       8221189  143 1 0   1 
659       8221189  143 1 0   1 
660       8221189  143 1 0   1 
661       8221189  143 1 0   1 
662       8221189  143 1 0   1 
663       8221189  143 1 0   1 
664       8221189  143 1 0   1 
665       8221189  143 1 0   1 
666       8221189  143 1 0   1 
667       8221189  143 1 0   1 
668       8221189  143 1 0   1 
669       8221189  143 1 0   1 
670       8221189  143 1 0   1 
671       8221189  143 1 0   1 
672       8221189  143 1 0   1 
673       8221189  143 1 0   1 
674       8221189  143 1 0   1 
675       8221189  143 1 0   1 
676       8221189  143 1 0   1 
677       8221189  143 1 0   1 
678       8221189  143 1 0   1 
679       8221189  143 1 0   1 
680       8221189  143 1 0   1 
681       8221189  143 1 0   1 
682       8221189  143 1 0   1 
683       8221189  143 1 0   1 
684       8221189  143 1 0   1 
685       8221189  143 1 0   1 
686       8221189  143 1 0   1 
687       8221189  143 1 0   1 
688       8221189  143 1 0   1 
689       8221189  143 1 0   1 
690       8221189  143 1 0   1 
691       8221189  143 1 0   1 
692       8221189  143 1 0   1 
693       8221189  143 1 0   1 
694       8221189  143 1 0   1 
695       8221189  143 1 0   1 
696       8221189  143 1 0   1 
697       8221189  143 1 0   1 
698       8221189  143 1 0   1 
699       8221189  143 1 0   1 
700       8221189  143 1 0   1 
701       8221189  143 1 0   1 
702       8221189  143 1 0   1 
703       8221189  143 1 0   1 
704       8221189  143 1 0   1 
705       8221189  143 1 0   1 
706       8221189  143 1 0   1 
707       8221189  143 1 0   1 
708       8221189  143 1 0   1 
709       8221189  143 1 0   1 
710       8221189  143 1 0   1 
711       8221189  143 1 0   1 
712       8221189  143 1 0   1 
713       8221189  143 1 0   1 
714       8221189  143 1 0   1 
715       8221189  143 1 0   1 
716       8221189  143 1 0   1 
717       8221189  143 1 0   1 
718       8221189  143 1 0   1 
719       8221189  143 1 0   1 
720       8221189  143 1 0   1 
721       8221189  143 1 0   1 
722       8221189  143 1 0   1 
723       8221189  143 1 0   1 
724       8221189  143 1 0   1 
725       8221189  143 1 0   1 
726       8221189  143 1 0   1 
727       8221189  143 1 0   1 
728       8221189  143 1 0   1 
729       8221189  143 1 0   1 
730       8221189  143 1 0   1 
731       8221189  143 1 0   1 
732       8221189  143 1 0   1 
733       8221189  143 1 0   1 
734       8221189  143 1 0   1 
735       8221189  143 1 0   1 
736       8221189  143 1 0   1 
737       8221189  143 1 0   1 
738       8221189  143 1 0   1 
739       8221189  143 1 0   1 
740       8221189  143 1 0   1 
741       8221189  143 1 0   1 
742       8221189  143 1 0   1 
743       8221189  143 1 0   1 
744       8221189  143 1 0   1 
745       8221189  143 1 0   1 
746       8221189  143 1 0   1 
747       8221189  143 1 0   1 
748       8221189  143 1 0   1 
749       8221189  143 1 0   1 
750       8221189  143 1 0   1 
751       8221189  143 1 0   1 
752       8221189  143 1 0   1 
753       8221189  143 1 0   1 
754       8221189  143 1 0   1 
755       8221189  143 1 0   1 
756       8221189  143 1 0   1 
757       8221189  143 1 0   1 
758       8221189  143 1 0   1 
759       8221189  143 1 0   1 
760       8221189  143 1 0   1 
761       8221189  143 1 0   1 
762       8221189  143 1 0   1 
763       8221189  143 1 0   1 
764       8221189  143 1 0   1 
765       8221189  143 1 0   1 
766       8221189  143 1 0   1 
767       8221189  143 1 0   1 
768       8221189  143 1 0   1 
769       8221189  143 1 0   1 
770       8221189  143 1 0   1 
771       8221189  143 1 0   1 
772       8221189  143 1 0   1 
773       8221189  143 1 0   1 
774       8221189  143 1 0   1 
775       8221189  143 1 0   1 
776       8221189  143 1 0   1 
777       8221189  143 1 0   1 
778       8221189  143 1 0   1 
779       8221189  143 1 0   1 
780       8221189  143 1 0   1 
781       8221189  143 1 0   1 
782       8221189  143 1 0   1 
783       8221189  143 1 0   1 
784       8221189  143 1 0   1 
785       8221189  143 1 0   1 
786       8221189  143 1 0   1 
787       8221189  143 1 0   1 
788       8221189  143 1 0   1 
789       8221189  143 1 0   1 
790       8221189  143 1 0   1 
791       8221189  143 1 0   1 
792       8221189  143 1 0   1 
793       8221189  143 1 0   1 
794       8221189  143 1 0   1 
795       8221189  143 1 0   1 
796       8221189  143 1 0   1 
797       8221189  143 1 0   1 
798       8221189  143 1 0   1 
799       8221189  143 1 0   1 
800       8221189  143 1 0   1 
801       8221189  143 1 0   1 
802       8221189  143 1 0   1 
803       8221189  143 1 0   1 
804       8221189  143 1 0   1 
805       8221189  143 1 0   1 
806       8221189  143 1 0   1 
807       8221189  143 1 0   1 
808       8221189  143 1 0   1 
809       8221189  143 1 0   1 
810       8221189  143 1 0   1 
811       8221189  143 1 0   1 
812       8221189  143 1 0   1 
813       8221189  143 1 0   1 
814       8221189  143 1 0   1 
815       8221189  143 1 0   1 
816       8221189  143 1 0   1 
817       8221189  143 1 0   1 
818       8221189  143 1 0   1 
819       8221189  143 1 0   1 
820       8221189  143 1 0   1 
821       8221189  143 1 0   1 
822       8221189  143 1 0   1 
823       8221189  143 1 0   1 
824       8221189  143 1 0   1 
825       8221189  143 1 0   1 
826       8221189  143 1 0   1 
827       8221189  143 1 0   1 
828       8221189  143 1 0   1 
829       8221189  143 1 0   1 
830       8221189  143 1 0   1 
831       8221189  143 1 0   1 
832       8221189  143 1 0   1 
833       8221189  143 1 0   1 
834       8221189  143 1 0   1 
835       8221189  143 1 0   1 
836       8221189  143 1 0   1 
837       8221189  143 1 0   1 
838       8221189  143 1 0   1 
839       8221189  143 1 0   1 
840       8221189  143 1 0   1 
841       8221189  143 1 0   1 
842       8221189  143 1 0   1 
843       8221189  143 1 0   1 
844       8221189  143 1 0   1 
845       8221189  143 1 0   1 
846       8221189  143 1 0   1 
847       8221189  143 1 0   1 
848       8221189  143 1 0   1 
849       8221189  143 1 0   1 
850       8221189  143 1 0   1 
851       8221189  143 1 0   1 
852       8221189  143 1 0   1 
853       8221189  143 1 0   1 
854       8221189  143 1 0   1 
855       8221189  143 1 0   1 
856       8221189  143 1 0   1 
857       8221189  143 1 0   1 
858       8221189  143 1 0   1 
859       8221189  143 1 0   1 
860       8221189  143 1 0   1 
861       8221189  143 1 0   1 
862       8221189  143 1 0   1 
863       8221189  143 1 0   1 
864       8221189  143 1 0   1 
865       8221189  143 1 0   1 
866       8221189  143 1 0   1 
867       8221189  143 1 0   1 
868       8221189  143 1 0   1 
869       8221189  143 1 0   1 
870       8221189  143 1 0   1 
871       8221189  143 1 0   1 
872       8221189  143 1 0   1 
873       8221189  143 1 0   1 
874       8221189  143 1 0   1 
875       8221189  143 1 0   1 
876       8221189  143 1 0   1 
877       8221189  143 1 0   1 
878       8221189  143 1 0   1 
879       8221189  143 1 0   1 
880       8221189  143 1 0   1 
881       8221189  143 1 0   1 
882       8221189  143 1 0   1 
883       8221189  143 1 0   1 
884       8221189  143 1 0   1 
885       8221189  143 1 0   1 
886       8221189  143 1 0   1 
887       8221189  143 1 0   1 
888       8221189  143 1 0   1 
889       8221189  143 1 0   1 
890       8221189  143 1 0   1 
891       8221189  143 1 0   1 
892       8221189  143 1 0   1 
893       8221189  143 1 0   1 
894       8221189  143 1 0   1 
895       8221189  143 1 0   1 
