Signal Legend:

Key        Signal Name

0        = sbox_out
1        = values_out
2        = test_out

Data Table:

Signals-> 0   1           2 

sample

-128      0   0           0 
-127      0   0           0 
-126      0   0           0 
-125      0   0           0 
-124      0   0           0 
-123      0   0           0 
-122      0   0           0 
-121      0   0           0 
-120      0   0           0 
-119      0   0           0 
-118      0   0           0 
-117      0   0           0 
-116      0   0           0 
-115      0   0           0 
-114      0   0           0 
-113      0   0           0 
-112      0   0           0 
-111      0   0           0 
-110      0   0           0 
-109      0   0           0 
-108      0   0           0 
-107      0   0           0 
-106      0   0           0 
-105      0   0           0 
-104      0   0           0 
-103      0   0           0 
-102      0   0           0 
-101      0   0           0 
-100      0   0           0 
-99       0   0           0 
-98       0   0           0 
-97       0   0           0 
-96       0   0           0 
-95       0   0           0 
-94       0   0           0 
-93       0   0           0 
-92       0   0           0 
-91       0   0           0 
-90       0   0           0 
-89       0   0           0 
-88       0   0           0 
-87       0   0           0 
-86       0   0           0 
-85       0   0           0 
-84       0   0           0 
-83       0   0           0 
-82       0   0           0 
-81       0   0           0 
-80       0   0           0 
-79       0   0           0 
-78       0   0           0 
-77       0   0           0 
-76       0   0           0 
-75       0   0           0 
-74       0   0           0 
-73       0   0           0 
-72       0   0           0 
-71       0   0           0 
-70       0   0           0 
-69       0   0           0 
-68       0   0           0 
-67       0   0           0 
-66       0   0           0 
-65       0   0           0 
-64       0   0           0 
-63       0   0           0 
-62       0   0           0 
-61       0   0           0 
-60       0   0           0 
-59       0   0           0 
-58       0   0           0 
-57       0   0           0 
-56       0   0           0 
-55       0   0           0 
-54       0   0           0 
-53       0   0           0 
-52       0   0           0 
-51       0   0           0 
-50       0   0           0 
-49       0   0           0 
-48       0   0           0 
-47       0   0           0 
-46       0   0           0 
-45       0   0           0 
-44       0   0           0 
-43       0   0           0 
-42       0   0           0 
-41       0   0           0 
-40       0   0           0 
-39       0   0           0 
-38       0   0           0 
-37       0   0           0 
-36       0   0           0 
-35       0   0           0 
-34       0   0           0 
-33       0   0           0 
-32       0   0           0 
-31       0   0           0 
-30       0   0           0 
-29       0   0           0 
-28       0   0           0 
-27       0   0           0 
-26       0   0           0 
-25       0   0           0 
-24       0   0           0 
-23       0   0           0 
-22       0   0           0 
-21       0   0           0 
-20       0   0           0 
-19       0   0           0 
-18       0   0           0 
-17       0   0           0 
-16       0   0           0 
-15       0   0           0 
-14       0   0           0 
-13       0   0           0 
-12       0   0           0 
-11       0   0           0 
-10       0   0           0 
-9        0   0           0 
-8        0   0           0 
-7        0   0           0 
-6        0   0           0 
-5        0   0           0 
-4        0   0           0 
-3        0   0           0 
-2        0   0           0 
-1        0   0           0 
0         93  -1984620162 1 
1         199 -1971021401 1 
2         92  -1498534732 1 
3         196 -1007728531 1 
4         198 -1127743340 1 
5         89  -1960088000 1 
6         89  -881103998  1 
7         206 -692314799  1 
8         204 -666071965  1 
9         197 -666071966  1 
10        205 -632771345  1 
11        222 -580210870  1 
12        222 -584406517  1 
13        222 -580220918  1 
14        222 -580335542  1 
15        207 -545639257  1 
16        195 -478623122  1 
17        199 22666923    1 
18        156 23711517    1 
19        161 65600789    1 
20        129 151892417   1 
21        129 156086721   1 
22        237 132809315   1 
23        231 7970134     1 
24        169 23955531    1 
25        169 25004491    1 
26        214 47054294    1 
27        192 92188367    1 
28        221 124307462   1 
29        141 99592231    1 
30        133 158266387   1 
31        213 148492077   1 
32        169 167284493   1 
33        131 175803151   1 
34        131 192580367   1 
35        245 226295630   1 
36        254 242169458   1 
37        215 247475887   1 
38        230 275051821   1 
39        227 292329611   1 
40        182 299547473   1 
41        149 308003629   1 
42        149 307970857   1 
43        134 394196773   1 
44        134 377419557   1 
45        183 332979710   1 
46        212 335278524   1 
47        198 335270898   1 
48        183 335395642   1 
49        168 368710268   1 
50        110 358128874   1 
51        233 368078948   1 
52        195 368881402   1 
53        152 368873086   1 
54        191 366608122   1 
55        191 368832042   1 
56        140 400137918   1 
57        9   383294652   1 
58        253 422700682   1 
59        218 435481033   1 
60        29  435955925   1 
61        190 450711133   1 
62        122 450782021   1 
63        50  452968217   1 
64        144 467632345   1 
65        11  469286249   1 
66        10  448279359   1 
67        119 479212343   1 
68        173 500722421   1 
69        153 498787051   1 
70        64  536392507   1 
71        64  536369211   1 
72        73  536383123   1 
73        171 519753235   1 
74        105 503315505   1 
75        229 549699034   1 
76        222 1020073657  1 
77        165 1071486109  1 
78        164 565968507   1 
79        185 555546525   1 
80        202 559642388   1 
81        118 584324409   1 
82        246 584652049   1 
83        249 584685013   1 
84        147 585097107   1 
85        220 587398376   1 
86        97  596744025   1 
87        108 597236891   1 
88        184 599471771   1 
89        75  599406271   1 
90        216 648747352   1 
91        195 652926042   1 
92        143 704541969   1 
93        135 685144021   1 
94        131 704419793   1 
95        143 703977273   1 
96        216 716913713   1 
97        215 716938905   1 
98        20  733682715   1 
99        102 733836853   1 
100       186 733936983   1 
101       194 750687507   1 
102       244 759117591   1 
103       159 767440339   1 
104       214 800724541   1 
105       152 799577909   1 
106       208 758098037   1 
107       132 695764080   1 
108       226 791983953   1 
109       224 803780661   1 
110       239 804958965   1 
111       212 863047865   1 
112       145 846828656   1 
113       128 845979090   1 
114       140 846730743   1 
115       210 855334707   1 
116       177 871989112   1 
117       155 872161053   1 
118       151 872002591   1 
119       247 909513727   1 
120       201 914300060   1 
121       194 917512120   1 
122       163 907656277   1 
123       217 937793365   1 
124       141 939242839   1 
125       248 956272687   1 
126       243 943952609   1 
127       213 972256762   1 
128       207 1006326997  1 
129       231 989328471   1 
130       136 989165011   1 
131       252 997200444   1 
132       167 1006605715  1 
133       166 1002151803  1 
134       224 2117827509  1 
135       180 2133711359  1 
136       159 1072681684  1 
137       190 1073551131  1 
138       255 1124808903  1 
139       197 2121905947  1 
140       188 2121906107  1 
141       226 2117711643  1 
142       160 1140694200  1 
143       155 1207539510  1 
144       240 1207279390  1 
145       240 1134557172  1 
146       239 1203623441  1 
147       185 1203617488  1 
148       210 1218100125  1 
149       156 1220148442  1 
150       177 1341734608  1 
151       142 1257807380  1 
152       193 1220263444  1 
153       223 1234958614  1 
154       189 1253694520  1 
155       181 1253948442  1 
156       227 1253170269  1 
157       189 1253629688  1 
158       236 1312467980  1 
159       232 1264834679  1 
160       243 1325129534  1 
161       151 1333770547  1 
162       235 1342028823  1 
163       242 1316986069  1 
164       246 1342054053  1 
165       249 1288936840  1 
166       210 1389958747  1 
167       209 1389969215  1 
168       174 1392090271  1 
169       139 1392221781  1 
170       173 1392107256  1 
171       202 1392508660  1 
172       166 1449113276  1 
173       165 1392367354  1 
174       228 1450989356  1 
175       204 1476367408  1 
176       158 1593808272  1 
177       154 1476236756  1 
178       248 1526718430  1 
179       163 1593415060  1 
180       196 1593679252  1 
181       181 1593679318  1 
182       229 1593819029  1 
183       147 1593810142  1 
184       172 1593679318  1 
185       187 1610423768  1 
186       176 1593425878  1 
187       208 1476378558  1 
188       167 1476116024  1 
189       235 1490579949  1 
190       244 1497448897  1 
191       211 1590560172  1 
192       240 1556832738  1 
193       184 1601952906  1 
194       184 1601952929  1 
195       252 2138684475  1 
196       150 1667210303  1 
197       251 1675435643  1 
198       245 1677573694  1 
199       148 1742593663  1 
200       234 2130293981  1 
201       171 2147071699  1 
202       188 1743754807  1 
203       206 1862005306  1 
204       179 1861983803  1 
205       153 2013108090  1 
206       153 2012847738  1 
207       149 1811536940  1 
208       205 1795005478  1 
209       180 1795021922  1 
210       161 1801420228  1 
211       149 1878785382  1 
212       211 1878891882  1 
213       149 1946017128  1 
214       146 2080102438  1 
215       168 1945860230  1 
216       175 1946155524  1 
217       200 1946139013  1 
218       146 1946138854  1 
219       182 2063456557  1 
220       174 1878759752  1 
221       100 2052921709  1 
222       113 1946139234  1 
223       209 1935645485  1 
224       127 1988090086  1 
225       126 2055183461  1 
226       130 2002771723  1 
227       134 1803378539  1 
228       162 1870478509  1 
229       170 1962925865  1 
230       172 1884886211  1 
231       149 1786740392  1 
232       176 1794719013  1 
233       157 2055175849  1 
234       154 2080087469  1 
235       137 2080363693  1 
236       133 2046549167  1 
237       142 2145206183  1 
238       158 1954232011  1 
239       178 2085559653  1 
240       175 2102334791  1 
241       179 1610587173  1 
242       179 1610587173  1 
243       238 1616730611  1 
244       234 1632467263  1 
245       251 1656478943  1 
246       241 1675346304  1 
247       237 1765765026  1 
248       193 1943893204  1 
249       225 1944024150  1 
250       191 1970911017  1 
251       191 1969877545  1 
252       219 1988964590  1 
253       242 1799747154  1 
254       250 1794192694  1 
255       201 1792103698  1 
256       201 1792103698  1 
257       201 1792103698  1 
258       201 1792103698  1 
259       201 1792103698  1 
260       201 1792103698  1 
261       201 1792103698  1 
262       201 1792103698  1 
263       201 1792103698  1 
264       201 1792103698  1 
265       201 1792103698  1 
266       201 1792103698  1 
267       201 1792103698  1 
268       201 1792103698  1 
269       201 1792103698  1 
270       201 1792103698  1 
271       201 1792103698  1 
272       201 1792103698  1 
273       201 1792103698  1 
274       201 1792103698  1 
275       201 1792103698  1 
276       201 1792103698  1 
277       201 1792103698  1 
278       201 1792103698  1 
279       201 1792103698  1 
280       201 1792103698  1 
281       201 1792103698  1 
282       201 1792103698  1 
283       201 1792103698  1 
284       201 1792103698  1 
285       201 1792103698  1 
286       201 1792103698  1 
287       201 1792103698  1 
288       201 1792103698  1 
289       201 1792103698  1 
290       201 1792103698  1 
291       201 1792103698  1 
292       201 1792103698  1 
293       201 1792103698  1 
294       201 1792103698  1 
295       201 1792103698  1 
296       201 1792103698  1 
297       201 1792103698  1 
298       201 1792103698  1 
299       201 1792103698  1 
300       201 1792103698  1 
301       201 1792103698  1 
302       201 1792103698  1 
303       201 1792103698  1 
304       201 1792103698  1 
305       201 1792103698  1 
306       201 1792103698  1 
307       201 1792103698  1 
308       201 1792103698  1 
309       201 1792103698  1 
310       201 1792103698  1 
311       201 1792103698  1 
312       201 1792103698  1 
313       201 1792103698  1 
314       201 1792103698  1 
315       201 1792103698  1 
316       201 1792103698  1 
317       201 1792103698  1 
318       201 1792103698  1 
319       201 1792103698  1 
320       201 1792103698  1 
321       201 1792103698  1 
322       201 1792103698  1 
323       201 1792103698  1 
324       201 1792103698  1 
325       201 1792103698  1 
326       201 1792103698  1 
327       201 1792103698  1 
328       201 1792103698  1 
329       201 1792103698  1 
330       201 1792103698  1 
331       201 1792103698  1 
332       201 1792103698  1 
333       201 1792103698  1 
334       201 1792103698  1 
335       201 1792103698  1 
336       201 1792103698  1 
337       201 1792103698  1 
338       201 1792103698  1 
339       201 1792103698  1 
340       201 1792103698  1 
341       201 1792103698  1 
342       201 1792103698  1 
343       201 1792103698  1 
344       201 1792103698  1 
345       201 1792103698  1 
346       201 1792103698  1 
347       201 1792103698  1 
348       201 1792103698  1 
349       201 1792103698  1 
350       201 1792103698  1 
351       201 1792103698  1 
352       201 1792103698  1 
353       201 1792103698  1 
354       201 1792103698  1 
355       201 1792103698  1 
356       201 1792103698  1 
357       201 1792103698  1 
358       201 1792103698  1 
359       201 1792103698  1 
360       201 1792103698  1 
361       201 1792103698  1 
362       201 1792103698  1 
363       201 1792103698  1 
364       201 1792103698  1 
365       201 1792103698  1 
366       201 1792103698  1 
367       201 1792103698  1 
368       201 1792103698  1 
369       201 1792103698  1 
370       201 1792103698  1 
371       201 1792103698  1 
372       201 1792103698  1 
373       201 1792103698  1 
374       201 1792103698  1 
375       201 1792103698  1 
376       201 1792103698  1 
377       201 1792103698  1 
378       201 1792103698  1 
379       201 1792103698  1 
380       201 1792103698  1 
381       201 1792103698  1 
382       201 1792103698  1 
383       201 1792103698  1 
384       201 1792103698  1 
385       201 1792103698  1 
386       201 1792103698  1 
387       201 1792103698  1 
388       201 1792103698  1 
389       201 1792103698  1 
390       201 1792103698  1 
391       201 1792103698  1 
392       201 1792103698  1 
393       201 1792103698  1 
394       201 1792103698  1 
395       201 1792103698  1 
396       201 1792103698  1 
397       201 1792103698  1 
398       201 1792103698  1 
399       201 1792103698  1 
400       201 1792103698  1 
401       201 1792103698  1 
402       201 1792103698  1 
403       201 1792103698  1 
404       201 1792103698  1 
405       201 1792103698  1 
406       201 1792103698  1 
407       201 1792103698  1 
408       201 1792103698  1 
409       201 1792103698  1 
410       201 1792103698  1 
411       201 1792103698  1 
412       201 1792103698  1 
413       201 1792103698  1 
414       201 1792103698  1 
415       201 1792103698  1 
416       201 1792103698  1 
417       201 1792103698  1 
418       201 1792103698  1 
419       201 1792103698  1 
420       201 1792103698  1 
421       201 1792103698  1 
422       201 1792103698  1 
423       201 1792103698  1 
424       201 1792103698  1 
425       201 1792103698  1 
426       201 1792103698  1 
427       201 1792103698  1 
428       201 1792103698  1 
429       201 1792103698  1 
430       201 1792103698  1 
431       201 1792103698  1 
432       201 1792103698  1 
433       201 1792103698  1 
434       201 1792103698  1 
435       201 1792103698  1 
436       201 1792103698  1 
437       201 1792103698  1 
438       201 1792103698  1 
439       201 1792103698  1 
440       201 1792103698  1 
441       201 1792103698  1 
442       201 1792103698  1 
443       201 1792103698  1 
444       201 1792103698  1 
445       201 1792103698  1 
446       201 1792103698  1 
447       201 1792103698  1 
448       201 1792103698  1 
449       201 1792103698  1 
450       201 1792103698  1 
451       201 1792103698  1 
452       201 1792103698  1 
453       201 1792103698  1 
454       201 1792103698  1 
455       201 1792103698  1 
456       201 1792103698  1 
457       201 1792103698  1 
458       201 1792103698  1 
459       201 1792103698  1 
460       201 1792103698  1 
461       201 1792103698  1 
462       201 1792103698  1 
463       201 1792103698  1 
464       201 1792103698  1 
465       201 1792103698  1 
466       201 1792103698  1 
467       201 1792103698  1 
468       201 1792103698  1 
469       201 1792103698  1 
470       201 1792103698  1 
471       201 1792103698  1 
472       201 1792103698  1 
473       201 1792103698  1 
474       201 1792103698  1 
475       201 1792103698  1 
476       201 1792103698  1 
477       201 1792103698  1 
478       201 1792103698  1 
479       201 1792103698  1 
480       201 1792103698  1 
481       201 1792103698  1 
482       201 1792103698  1 
483       201 1792103698  1 
484       201 1792103698  1 
485       201 1792103698  1 
486       201 1792103698  1 
487       201 1792103698  1 
488       201 1792103698  1 
489       201 1792103698  1 
490       201 1792103698  1 
491       201 1792103698  1 
492       201 1792103698  1 
493       201 1792103698  1 
494       201 1792103698  1 
495       201 1792103698  1 
496       201 1792103698  1 
497       201 1792103698  1 
498       201 1792103698  1 
499       201 1792103698  1 
500       201 1792103698  1 
501       201 1792103698  1 
502       201 1792103698  1 
503       201 1792103698  1 
504       201 1792103698  1 
505       201 1792103698  1 
506       201 1792103698  1 
507       201 1792103698  1 
508       201 1792103698  1 
509       201 1792103698  1 
510       201 1792103698  1 
511       201 1792103698  1 
512       201 1792103698  1 
513       201 1792103698  1 
514       201 1792103698  1 
515       201 1792103698  1 
516       201 1792103698  1 
517       201 1792103698  1 
518       201 1792103698  1 
519       201 1792103698  1 
520       201 1792103698  1 
521       201 1792103698  1 
522       201 1792103698  1 
523       201 1792103698  1 
524       201 1792103698  1 
525       201 1792103698  1 
526       201 1792103698  1 
527       201 1792103698  1 
528       201 1792103698  1 
529       201 1792103698  1 
530       201 1792103698  1 
531       201 1792103698  1 
532       201 1792103698  1 
533       201 1792103698  1 
534       201 1792103698  1 
535       201 1792103698  1 
536       201 1792103698  1 
537       201 1792103698  1 
538       201 1792103698  1 
539       201 1792103698  1 
540       201 1792103698  1 
541       201 1792103698  1 
542       201 1792103698  1 
543       201 1792103698  1 
544       201 1792103698  1 
545       201 1792103698  1 
546       201 1792103698  1 
547       201 1792103698  1 
548       201 1792103698  1 
549       201 1792103698  1 
550       201 1792103698  1 
551       201 1792103698  1 
552       201 1792103698  1 
553       201 1792103698  1 
554       201 1792103698  1 
555       201 1792103698  1 
556       201 1792103698  1 
557       201 1792103698  1 
558       201 1792103698  1 
559       201 1792103698  1 
560       201 1792103698  1 
561       201 1792103698  1 
562       201 1792103698  1 
563       201 1792103698  1 
564       201 1792103698  1 
565       201 1792103698  1 
566       201 1792103698  1 
567       201 1792103698  1 
568       201 1792103698  1 
569       201 1792103698  1 
570       201 1792103698  1 
571       201 1792103698  1 
572       201 1792103698  1 
573       201 1792103698  1 
574       201 1792103698  1 
575       201 1792103698  1 
576       201 1792103698  1 
577       201 1792103698  1 
578       201 1792103698  1 
579       201 1792103698  1 
580       201 1792103698  1 
581       201 1792103698  1 
582       201 1792103698  1 
583       201 1792103698  1 
584       201 1792103698  1 
585       201 1792103698  1 
586       201 1792103698  1 
587       201 1792103698  1 
588       201 1792103698  1 
589       201 1792103698  1 
590       201 1792103698  1 
591       201 1792103698  1 
592       201 1792103698  1 
593       201 1792103698  1 
594       201 1792103698  1 
595       201 1792103698  1 
596       201 1792103698  1 
597       201 1792103698  1 
598       201 1792103698  1 
599       201 1792103698  1 
600       201 1792103698  1 
601       201 1792103698  1 
602       201 1792103698  1 
603       201 1792103698  1 
604       201 1792103698  1 
605       201 1792103698  1 
606       201 1792103698  1 
607       201 1792103698  1 
608       201 1792103698  1 
609       201 1792103698  1 
610       201 1792103698  1 
611       201 1792103698  1 
612       201 1792103698  1 
613       201 1792103698  1 
614       201 1792103698  1 
615       201 1792103698  1 
616       201 1792103698  1 
617       201 1792103698  1 
618       201 1792103698  1 
619       201 1792103698  1 
620       201 1792103698  1 
621       201 1792103698  1 
622       201 1792103698  1 
623       201 1792103698  1 
624       201 1792103698  1 
625       201 1792103698  1 
626       201 1792103698  1 
627       201 1792103698  1 
628       201 1792103698  1 
629       201 1792103698  1 
630       201 1792103698  1 
631       201 1792103698  1 
632       201 1792103698  1 
633       201 1792103698  1 
634       201 1792103698  1 
635       201 1792103698  1 
636       201 1792103698  1 
637       201 1792103698  1 
638       201 1792103698  1 
639       201 1792103698  1 
640       201 1792103698  1 
641       201 1792103698  1 
642       201 1792103698  1 
643       201 1792103698  1 
644       201 1792103698  1 
645       201 1792103698  1 
646       201 1792103698  1 
647       201 1792103698  1 
648       201 1792103698  1 
649       201 1792103698  1 
650       201 1792103698  1 
651       201 1792103698  1 
652       201 1792103698  1 
653       201 1792103698  1 
654       201 1792103698  1 
655       201 1792103698  1 
656       201 1792103698  1 
657       201 1792103698  1 
658       201 1792103698  1 
659       201 1792103698  1 
660       201 1792103698  1 
661       201 1792103698  1 
662       201 1792103698  1 
663       201 1792103698  1 
664       201 1792103698  1 
665       201 1792103698  1 
666       201 1792103698  1 
667       201 1792103698  1 
668       201 1792103698  1 
669       201 1792103698  1 
670       201 1792103698  1 
671       201 1792103698  1 
672       201 1792103698  1 
673       201 1792103698  1 
674       201 1792103698  1 
675       201 1792103698  1 
676       201 1792103698  1 
677       201 1792103698  1 
678       201 1792103698  1 
679       201 1792103698  1 
680       201 1792103698  1 
681       201 1792103698  1 
682       201 1792103698  1 
683       201 1792103698  1 
684       201 1792103698  1 
685       201 1792103698  1 
686       201 1792103698  1 
687       201 1792103698  1 
688       201 1792103698  1 
689       201 1792103698  1 
690       201 1792103698  1 
691       201 1792103698  1 
692       201 1792103698  1 
693       201 1792103698  1 
694       201 1792103698  1 
695       201 1792103698  1 
696       201 1792103698  1 
697       201 1792103698  1 
698       201 1792103698  1 
699       201 1792103698  1 
700       201 1792103698  1 
701       201 1792103698  1 
702       201 1792103698  1 
703       201 1792103698  1 
704       201 1792103698  1 
705       201 1792103698  1 
706       201 1792103698  1 
707       201 1792103698  1 
708       201 1792103698  1 
709       201 1792103698  1 
710       201 1792103698  1 
711       201 1792103698  1 
712       201 1792103698  1 
713       201 1792103698  1 
714       201 1792103698  1 
715       201 1792103698  1 
716       201 1792103698  1 
717       201 1792103698  1 
718       201 1792103698  1 
719       201 1792103698  1 
720       201 1792103698  1 
721       201 1792103698  1 
722       201 1792103698  1 
723       201 1792103698  1 
724       201 1792103698  1 
725       201 1792103698  1 
726       201 1792103698  1 
727       201 1792103698  1 
728       201 1792103698  1 
729       201 1792103698  1 
730       201 1792103698  1 
731       201 1792103698  1 
732       201 1792103698  1 
733       201 1792103698  1 
734       201 1792103698  1 
735       201 1792103698  1 
736       201 1792103698  1 
737       201 1792103698  1 
738       201 1792103698  1 
739       201 1792103698  1 
740       201 1792103698  1 
741       201 1792103698  1 
742       201 1792103698  1 
743       201 1792103698  1 
744       201 1792103698  1 
745       201 1792103698  1 
746       201 1792103698  1 
747       201 1792103698  1 
748       201 1792103698  1 
749       201 1792103698  1 
750       201 1792103698  1 
751       201 1792103698  1 
752       201 1792103698  1 
753       201 1792103698  1 
754       201 1792103698  1 
755       201 1792103698  1 
756       201 1792103698  1 
757       201 1792103698  1 
758       201 1792103698  1 
759       201 1792103698  1 
760       201 1792103698  1 
761       201 1792103698  1 
762       201 1792103698  1 
763       201 1792103698  1 
764       201 1792103698  1 
765       201 1792103698  1 
766       201 1792103698  1 
767       201 1792103698  1 
768       201 1792103698  1 
769       201 1792103698  1 
770       201 1792103698  1 
771       201 1792103698  1 
772       201 1792103698  1 
773       201 1792103698  1 
774       201 1792103698  1 
775       201 1792103698  1 
776       201 1792103698  1 
777       201 1792103698  1 
778       201 1792103698  1 
779       201 1792103698  1 
780       201 1792103698  1 
781       201 1792103698  1 
782       201 1792103698  1 
783       201 1792103698  1 
784       201 1792103698  1 
785       201 1792103698  1 
786       201 1792103698  1 
787       201 1792103698  1 
788       201 1792103698  1 
789       201 1792103698  1 
790       201 1792103698  1 
791       201 1792103698  1 
792       201 1792103698  1 
793       201 1792103698  1 
794       201 1792103698  1 
795       201 1792103698  1 
796       201 1792103698  1 
797       201 1792103698  1 
798       201 1792103698  1 
799       201 1792103698  1 
800       201 1792103698  1 
801       201 1792103698  1 
802       201 1792103698  1 
803       201 1792103698  1 
804       201 1792103698  1 
805       201 1792103698  1 
806       201 1792103698  1 
807       201 1792103698  1 
808       201 1792103698  1 
809       201 1792103698  1 
810       201 1792103698  1 
811       201 1792103698  1 
812       201 1792103698  1 
813       201 1792103698  1 
814       201 1792103698  1 
815       201 1792103698  1 
816       201 1792103698  1 
817       201 1792103698  1 
818       201 1792103698  1 
819       201 1792103698  1 
820       201 1792103698  1 
821       201 1792103698  1 
822       201 1792103698  1 
823       201 1792103698  1 
824       201 1792103698  1 
825       201 1792103698  1 
826       201 1792103698  1 
827       201 1792103698  1 
828       201 1792103698  1 
829       201 1792103698  1 
830       201 1792103698  1 
831       201 1792103698  1 
832       201 1792103698  1 
833       201 1792103698  1 
834       201 1792103698  1 
835       201 1792103698  1 
836       201 1792103698  1 
837       201 1792103698  1 
838       201 1792103698  1 
839       201 1792103698  1 
840       201 1792103698  1 
841       201 1792103698  1 
842       201 1792103698  1 
843       201 1792103698  1 
844       201 1792103698  1 
845       201 1792103698  1 
846       201 1792103698  1 
847       201 1792103698  1 
848       201 1792103698  1 
849       201 1792103698  1 
850       201 1792103698  1 
851       201 1792103698  1 
852       201 1792103698  1 
853       201 1792103698  1 
854       201 1792103698  1 
855       201 1792103698  1 
856       201 1792103698  1 
857       201 1792103698  1 
858       201 1792103698  1 
859       201 1792103698  1 
860       201 1792103698  1 
861       201 1792103698  1 
862       201 1792103698  1 
863       201 1792103698  1 
864       201 1792103698  1 
865       201 1792103698  1 
866       201 1792103698  1 
867       201 1792103698  1 
868       201 1792103698  1 
869       201 1792103698  1 
870       201 1792103698  1 
871       201 1792103698  1 
872       201 1792103698  1 
873       201 1792103698  1 
874       201 1792103698  1 
875       201 1792103698  1 
876       201 1792103698  1 
877       201 1792103698  1 
878       201 1792103698  1 
879       201 1792103698  1 
880       201 1792103698  1 
881       201 1792103698  1 
882       201 1792103698  1 
883       201 1792103698  1 
884       201 1792103698  1 
885       201 1792103698  1 
886       201 1792103698  1 
887       201 1792103698  1 
888       201 1792103698  1 
889       201 1792103698  1 
890       201 1792103698  1 
891       201 1792103698  1 
892       201 1792103698  1 
893       201 1792103698  1 
894       201 1792103698  1 
895       201 1792103698  1 
