Signal Legend:

Key        Signal Name

0        = sbox_out
1        = values_out
2        = load_test

Data Table:

Signals-> 0   1           2 

sample

-128      0   0           0 
-127      0   0           0 
-126      0   0           0 
-125      0   0           0 
-124      0   0           0 
-123      0   0           0 
-122      0   0           0 
-121      0   0           0 
-120      0   0           0 
-119      0   0           0 
-118      0   0           0 
-117      0   0           0 
-116      0   0           0 
-115      0   0           0 
-114      0   0           0 
-113      0   0           0 
-112      0   0           0 
-111      0   0           0 
-110      0   0           0 
-109      0   0           0 
-108      0   0           0 
-107      0   0           0 
-106      0   0           0 
-105      0   0           0 
-104      0   0           0 
-103      0   0           0 
-102      0   0           0 
-101      0   0           0 
-100      0   0           0 
-99       0   0           0 
-98       0   0           0 
-97       0   0           0 
-96       0   0           0 
-95       0   0           0 
-94       0   0           0 
-93       0   0           0 
-92       0   0           0 
-91       0   0           0 
-90       0   0           0 
-89       0   0           0 
-88       0   0           0 
-87       0   0           0 
-86       0   0           0 
-85       0   0           0 
-84       0   0           0 
-83       0   0           0 
-82       0   0           0 
-81       0   0           0 
-80       0   0           0 
-79       0   0           0 
-78       0   0           0 
-77       0   0           0 
-76       0   0           0 
-75       0   0           0 
-74       0   0           0 
-73       0   0           0 
-72       0   0           0 
-71       0   0           0 
-70       0   0           0 
-69       0   0           0 
-68       0   0           0 
-67       0   0           0 
-66       0   0           0 
-65       0   0           0 
-64       0   0           0 
-63       0   0           0 
-62       0   0           0 
-61       0   0           0 
-60       0   0           0 
-59       0   0           0 
-58       0   0           0 
-57       0   0           0 
-56       0   0           0 
-55       0   0           0 
-54       0   0           0 
-53       0   0           0 
-52       0   0           0 
-51       0   0           0 
-50       0   0           0 
-49       0   0           0 
-48       0   0           0 
-47       0   0           0 
-46       0   0           0 
-45       0   0           0 
-44       0   0           0 
-43       0   0           0 
-42       0   0           0 
-41       0   0           0 
-40       0   0           0 
-39       0   0           0 
-38       0   0           0 
-37       0   0           0 
-36       0   0           0 
-35       0   0           0 
-34       0   0           0 
-33       0   0           0 
-32       0   0           0 
-31       0   0           0 
-30       0   0           0 
-29       0   0           0 
-28       0   0           0 
-27       0   0           0 
-26       0   0           0 
-25       0   0           0 
-24       0   0           0 
-23       0   0           0 
-22       0   0           0 
-21       0   0           0 
-20       0   0           0 
-19       0   0           0 
-18       0   0           0 
-17       0   0           0 
-16       0   0           0 
-15       0   0           0 
-14       0   0           0 
-13       0   0           0 
-12       0   0           0 
-11       0   0           0 
-10       0   0           0 
-9        0   0           0 
-8        0   0           0 
-7        0   0           0 
-6        0   0           0 
-5        0   0           0 
-4        0   0           0 
-3        0   0           0 
-2        0   0           0 
-1        0   0           0 
0         0   0           1 
1         0   0           0 
2         0   0           0 
3         1   156086720   0 
4         2   131940160   0 
5         3   145230607   0 
6         4   183163015   0 
7         5   138343442   0 
8         6   237946661   0 
9         7   184116713   0 
10        8   348867701   0 
11        9   369627324   0 
12        10  448410153   0 
13        11  383126552   0 
14        12  361364155   0 
15        13  666478935   0 
16        14  934176356   0 
17        15  677729081   0 
18        16  954423298   0 
19        17  64672861    0 
20        18  1896182772  0 
21        19  1521671183  0 
22        20  712644635   0 
23        21  1975803384  0 
24        22  1835568270  0 
25        23  816808964   0 
26        24  364152446   0 
27        25  1965891195  0 
28        26  1475197301  0 
29        27  856431372   0 
30        28  23186205    0 
31        29  435955925   0 
32        30  1491747200  0 
33        31  767440323   0 
34        32  453309383   0 
35        33  61403413    0 
36        34  1210588692  0 
37        35  1474523662  0 
38        36  1857423078  0 
39        37  1349374715  0 
40        38  979083131   0 
41        39  1605572913  0 
42        40  1899460743  0 
43        41  138782585   0 
44        42  1654241722  0 
45        43  1608038098  0 
46        44  1585289670  0 
47        45  1307117720  0 
48        46  2123324285  0 
49        47  1908924949  0 
50        48  1592823910  0 
51        49  1167928001  0 
52        50  447725320   0 
53        51  1781678618  0 
54        52  1856632018  0 
55        53  1549618647  0 
56        54  2060278061  0 
57        55  334824250   0 
58        56  558313354   0 
59        57  1077418898  0 
60        58  738195783   0 
61        59  1606948297  0 
62        60  1634665606  0 
63        61  1315030137  0 
64        62  1022674634  0 
65        63  363029091   0 
66        64  515397690   0 
67        65  1220256276  0 
68        66  754877451   0 
69        67  336673699   0 
70        68  1481985941  0 
71        69  1064728337  0 
72        70  331076595   0 
73        71  16899755    0 
74        72  1941596549  0 
75        73  520408739   0 
76        74  1385103445  0 
77        75  602026687   0 
78        76  1430684721  0 
79        77  1794084878  0 
80        78  1724935840  0 
81        79  961696980   0 
82        80  1608464318  0 
83        81  1882949361  0 
84        82  839539491   0 
85        83  1833580834  0 
86        84  311834044   0 
87        85  144263980   0 
88        86  804929588   0 
89        87  709270456   0 
90        88  707339569   0 
91        89  -881628286  0 
92        90  -160895929  0 
93        91  -1533454768 0 
94        92  -1494340428 0 
95        93  -1984620162 0 
96        94  -580220661  0 
97        95  -722097561  0 
98        96  1011510181  0 
99        97  587831113   0 
100       98  1041871643  0 
101       99  1242126429  0 
102       100 2019362172  0 
103       101 1585916821  0 
104       102 731149861   0 
105       103 977724502   0 
106       104 2118457900  0 
107       105 527195424   0 
108       106 1618356349  0 
109       107 1294513175  0 
110       108 600426889   0 
111       109 132776547   0 
112       110 337155419   0 
113       111 1135368209  0 
114       112 1136584676  0 
115       113 1945090674  0 
116       114 1316687317  0 
117       115 1284753214  0 
118       116 759053886   0 
119       117 1671508526  0 
120       118 584384808   0 
121       119 475018031   0 
122       120 1490505694  0 
123       121 584619461   0 
124       122 446456644   0 
125       123 1673794043  0 
126       124 1562750123  0 
127       125 553385578   0 
128       126 2049121381  0 
129       127 1952961766  0 
130       128 839227842   0 
131       129 1526010846  0 
132       130 1998539531  0 
133       131 695047104   0 
134       132 762458810   0 
135       133 606218272   0 
136       134 691353440   0 
137       135 681538548   0 
138       136 987067843   0 
139       137 2040778941  0 
140       138 1159497486  0 
141       139 1354470997  0 
142       140 846791159   0 
143       141 82812966    0 
144       142 2093591479  0 
145       143 630619432   0 
146       144 459243736   0 
147       145 840471664   0 
148       146 1327859283  0 
149       147 587194243   0 
150       148 1704841839  0 
151       149 303252264   0 
152       150 1666121775  0 
153       151 1297557795  0 
154       152 791250725   0 
155       153 499574499   0 
156       154 1853590313  0 
157       155 1102582818  0 
158       156 1218471130  0 
159       157 2020832953  0 
160       158 2110412219  0 
161       159 1032798932  0 
162       160 1133268152  0 
163       161 1763664340  0 
164       162 1865432253  0 
165       163 877710589   0 
166       164 536054087   0 
167       165 534611085   0 
168       166 1447966396  0 
169       167 1008125059  0 
170       168 347738749   0 
171       169 19759562    0 
172       170 1962069800  0 
173       171 513986051   0 
174       172 1879119042  0 
175       173 496528116   0 
176       174 1387599007  0 
177       175 2104459990  0 
178       176 1788881188  0 
179       177 867266408   0 
180       178 2081299812  0 
181       179 2105252973  0 
182       180 1025825263  0 
183       181 1253420058  0 
184       182 299023184   0 
185       183 315137534   0 
186       184 1610079393  0 
187       185 555017101   0 
188       186 1592039090  0 
189       187 1905899402  0 
190       188 1069599392  0 
191       189 1993165039  0 
192       190 437079645   0 
193       191 1965158953  0 
194       192 92155598    0 
195       193 1718639829  0 
196       194 917512120   0 
197       195 637721674   0 
198       196 -1012447123 0 
199       197 -670266269  0 
200       198 -1126694764 0 
201       199 -1971021401 0 
202       200 -680379850  0 
203       201 874454156   0 
204       202 559642388   0 
205       203 -678462525  0 
206       204 -762920961  0 
207       205 -636965649  0 
208       206 -692314799  0 
209       207 -545639257  0 
210       208 762292453   0 
211       209 1352219454  0 
212       210 1221768093  0 
213       211 1556270380  0 
214       212 827396265   0 
215       213 972256746   0 
216       214 47054294    0 
217       215 247475887   0 
218       216 606673256   0 
219       217 937793365   0 
220       218 435481032   0 
221       219 2007873326  0 
222       220 593755368   0 
223       221 123783174   0 
224       222 537145016   0 
225       223 1233383702  0 
226       224 803780661   0 
227       225 1943168086  0 
228       226 758425409   0 
229       227 292329611   0 
230       228 1413240620  0 
231       229 545500618   0 
232       230 275051821   0 
233       231 7970134     0 
234       232 1259198535  0 
235       233 363884644   0 
236       234 1631942975  0 
237       235 1486403693  0 
238       236 1312467980  0 
239       237 1765175202  0 
240       238 1616206323  0 
241       239 804954853   0 
242       240 1552638434  0 
243       241 1675280768  0 
244       242 1799747154  0 
245       243 939758305   0 
246       244 1493254593  0 
247       245 226295630   0 
248       246 1337597605  0 
249       247 909513727   0 
250       248 956272687   0 
251       249 1288150408  0 
252       250 1794192694  0 
253       251 1656478943  0 
254       252 997200444   0 
255       253 422700682   0 
256       254 242169458   0 
257       255 1124808903  0 
258       255 1124808903  0 
259       255 1124808903  0 
260       255 1124808903  0 
261       255 1124808903  0 
262       255 1124808903  0 
263       255 1124808903  0 
264       255 1124808903  0 
265       255 1124808903  0 
266       255 1124808903  0 
267       255 1124808903  0 
268       255 1124808903  0 
269       255 1124808903  0 
270       255 1124808903  0 
271       255 1124808903  0 
272       255 1124808903  0 
273       255 1124808903  0 
274       255 1124808903  0 
275       255 1124808903  0 
276       255 1124808903  0 
277       255 1124808903  0 
278       255 1124808903  0 
279       255 1124808903  0 
280       255 1124808903  0 
281       255 1124808903  0 
282       255 1124808903  0 
283       255 1124808903  0 
284       255 1124808903  0 
285       255 1124808903  0 
286       255 1124808903  0 
287       255 1124808903  0 
288       255 1124808903  0 
289       255 1124808903  0 
290       255 1124808903  0 
291       255 1124808903  0 
292       255 1124808903  0 
293       255 1124808903  0 
294       255 1124808903  0 
295       255 1124808903  0 
296       255 1124808903  0 
297       255 1124808903  0 
298       255 1124808903  0 
299       255 1124808903  0 
300       255 1124808903  0 
301       255 1124808903  0 
302       255 1124808903  0 
303       255 1124808903  0 
304       255 1124808903  0 
305       255 1124808903  0 
306       255 1124808903  0 
307       255 1124808903  0 
308       255 1124808903  0 
309       255 1124808903  0 
310       255 1124808903  0 
311       255 1124808903  0 
312       255 1124808903  0 
313       255 1124808903  0 
314       255 1124808903  0 
315       255 1124808903  0 
316       255 1124808903  0 
317       255 1124808903  0 
318       255 1124808903  0 
319       255 1124808903  0 
320       255 1124808903  0 
321       255 1124808903  0 
322       255 1124808903  0 
323       255 1124808903  0 
324       255 1124808903  0 
325       255 1124808903  0 
326       255 1124808903  0 
327       255 1124808903  0 
328       255 1124808903  0 
329       255 1124808903  0 
330       255 1124808903  0 
331       255 1124808903  0 
332       255 1124808903  0 
333       255 1124808903  0 
334       255 1124808903  0 
335       255 1124808903  0 
336       255 1124808903  0 
337       255 1124808903  0 
338       255 1124808903  0 
339       255 1124808903  0 
340       255 1124808903  0 
341       255 1124808903  0 
342       255 1124808903  0 
343       255 1124808903  0 
344       255 1124808903  0 
345       255 1124808903  0 
346       255 1124808903  0 
347       255 1124808903  0 
348       255 1124808903  0 
349       255 1124808903  0 
350       255 1124808903  0 
351       255 1124808903  0 
352       255 1124808903  0 
353       255 1124808903  0 
354       255 1124808903  0 
355       255 1124808903  0 
356       255 1124808903  0 
357       255 1124808903  0 
358       255 1124808903  0 
359       255 1124808903  0 
360       255 1124808903  0 
361       255 1124808903  0 
362       255 1124808903  0 
363       255 1124808903  0 
364       255 1124808903  0 
365       255 1124808903  0 
366       255 1124808903  0 
367       255 1124808903  0 
368       255 1124808903  0 
369       255 1124808903  0 
370       255 1124808903  0 
371       255 1124808903  0 
372       255 1124808903  0 
373       255 1124808903  0 
374       255 1124808903  0 
375       255 1124808903  0 
376       255 1124808903  0 
377       255 1124808903  0 
378       255 1124808903  0 
379       255 1124808903  0 
380       255 1124808903  0 
381       255 1124808903  0 
382       255 1124808903  0 
383       255 1124808903  0 
384       255 1124808903  0 
385       255 1124808903  0 
386       255 1124808903  0 
387       255 1124808903  0 
388       255 1124808903  0 
389       255 1124808903  0 
390       255 1124808903  0 
391       255 1124808903  0 
392       255 1124808903  0 
393       255 1124808903  0 
394       255 1124808903  0 
395       255 1124808903  0 
396       255 1124808903  0 
397       255 1124808903  0 
398       255 1124808903  0 
399       255 1124808903  0 
400       255 1124808903  0 
401       255 1124808903  0 
402       255 1124808903  0 
403       255 1124808903  0 
404       255 1124808903  0 
405       255 1124808903  0 
406       255 1124808903  0 
407       255 1124808903  0 
408       255 1124808903  0 
409       255 1124808903  0 
410       255 1124808903  0 
411       255 1124808903  0 
412       255 1124808903  0 
413       255 1124808903  0 
414       255 1124808903  0 
415       255 1124808903  0 
416       255 1124808903  0 
417       255 1124808903  0 
418       255 1124808903  0 
419       255 1124808903  0 
420       255 1124808903  0 
421       255 1124808903  0 
422       255 1124808903  0 
423       255 1124808903  0 
424       255 1124808903  0 
425       255 1124808903  0 
426       255 1124808903  0 
427       255 1124808903  0 
428       255 1124808903  0 
429       255 1124808903  0 
430       255 1124808903  0 
431       255 1124808903  0 
432       255 1124808903  0 
433       255 1124808903  0 
434       255 1124808903  0 
435       255 1124808903  0 
436       255 1124808903  0 
437       255 1124808903  0 
438       255 1124808903  0 
439       255 1124808903  0 
440       255 1124808903  0 
441       255 1124808903  0 
442       255 1124808903  0 
443       255 1124808903  0 
444       255 1124808903  0 
445       255 1124808903  0 
446       255 1124808903  0 
447       255 1124808903  0 
448       255 1124808903  0 
449       255 1124808903  0 
450       255 1124808903  0 
451       255 1124808903  0 
452       255 1124808903  0 
453       255 1124808903  0 
454       255 1124808903  0 
455       255 1124808903  0 
456       255 1124808903  0 
457       255 1124808903  0 
458       255 1124808903  0 
459       255 1124808903  0 
460       255 1124808903  0 
461       255 1124808903  0 
462       255 1124808903  0 
463       255 1124808903  0 
464       255 1124808903  0 
465       255 1124808903  0 
466       255 1124808903  0 
467       255 1124808903  0 
468       255 1124808903  0 
469       255 1124808903  0 
470       255 1124808903  0 
471       255 1124808903  0 
472       255 1124808903  0 
473       255 1124808903  0 
474       255 1124808903  0 
475       255 1124808903  0 
476       255 1124808903  0 
477       255 1124808903  0 
478       255 1124808903  0 
479       255 1124808903  0 
480       255 1124808903  0 
481       255 1124808903  0 
482       255 1124808903  0 
483       255 1124808903  0 
484       255 1124808903  0 
485       255 1124808903  0 
486       255 1124808903  0 
487       255 1124808903  0 
488       255 1124808903  0 
489       255 1124808903  0 
490       255 1124808903  0 
491       255 1124808903  0 
492       255 1124808903  0 
493       255 1124808903  0 
494       255 1124808903  0 
495       255 1124808903  0 
496       255 1124808903  0 
497       255 1124808903  0 
498       255 1124808903  0 
499       255 1124808903  0 
500       255 1124808903  0 
501       255 1124808903  0 
502       255 1124808903  0 
503       255 1124808903  0 
504       255 1124808903  0 
505       255 1124808903  0 
506       255 1124808903  0 
507       255 1124808903  0 
508       255 1124808903  0 
509       255 1124808903  0 
510       255 1124808903  0 
511       255 1124808903  0 
512       255 1124808903  0 
513       255 1124808903  0 
514       255 1124808903  0 
515       255 1124808903  0 
516       255 1124808903  0 
517       255 1124808903  0 
518       255 1124808903  0 
519       255 1124808903  0 
520       255 1124808903  0 
521       255 1124808903  0 
522       255 1124808903  0 
523       255 1124808903  0 
524       255 1124808903  0 
525       255 1124808903  0 
526       255 1124808903  0 
527       255 1124808903  0 
528       255 1124808903  0 
529       255 1124808903  0 
530       255 1124808903  0 
531       255 1124808903  0 
532       255 1124808903  0 
533       255 1124808903  0 
534       255 1124808903  0 
535       255 1124808903  0 
536       255 1124808903  0 
537       255 1124808903  0 
538       255 1124808903  0 
539       255 1124808903  0 
540       255 1124808903  0 
541       255 1124808903  0 
542       255 1124808903  0 
543       255 1124808903  0 
544       255 1124808903  0 
545       255 1124808903  0 
546       255 1124808903  0 
547       255 1124808903  0 
548       255 1124808903  0 
549       255 1124808903  0 
550       255 1124808903  0 
551       255 1124808903  0 
552       255 1124808903  0 
553       255 1124808903  0 
554       255 1124808903  0 
555       255 1124808903  0 
556       255 1124808903  0 
557       255 1124808903  0 
558       255 1124808903  0 
559       255 1124808903  0 
560       255 1124808903  0 
561       255 1124808903  0 
562       255 1124808903  0 
563       255 1124808903  0 
564       255 1124808903  0 
565       255 1124808903  0 
566       255 1124808903  0 
567       255 1124808903  0 
568       255 1124808903  0 
569       255 1124808903  0 
570       255 1124808903  0 
571       255 1124808903  0 
572       255 1124808903  0 
573       255 1124808903  0 
574       255 1124808903  0 
575       255 1124808903  0 
576       255 1124808903  0 
577       255 1124808903  0 
578       255 1124808903  0 
579       255 1124808903  0 
580       255 1124808903  0 
581       255 1124808903  0 
582       255 1124808903  0 
583       255 1124808903  0 
584       255 1124808903  0 
585       255 1124808903  0 
586       255 1124808903  0 
587       255 1124808903  0 
588       255 1124808903  0 
589       255 1124808903  0 
590       255 1124808903  0 
591       255 1124808903  0 
592       255 1124808903  0 
593       255 1124808903  0 
594       255 1124808903  0 
595       255 1124808903  0 
596       255 1124808903  0 
597       255 1124808903  0 
598       255 1124808903  0 
599       255 1124808903  0 
600       255 1124808903  0 
601       255 1124808903  0 
602       255 1124808903  0 
603       255 1124808903  0 
604       255 1124808903  0 
605       255 1124808903  0 
606       255 1124808903  0 
607       255 1124808903  0 
608       255 1124808903  0 
609       255 1124808903  0 
610       255 1124808903  0 
611       255 1124808903  0 
612       255 1124808903  0 
613       255 1124808903  0 
614       255 1124808903  0 
615       255 1124808903  0 
616       255 1124808903  0 
617       255 1124808903  0 
618       255 1124808903  0 
619       255 1124808903  0 
620       255 1124808903  0 
621       255 1124808903  0 
622       255 1124808903  0 
623       255 1124808903  0 
624       255 1124808903  0 
625       255 1124808903  0 
626       255 1124808903  0 
627       255 1124808903  0 
628       255 1124808903  0 
629       255 1124808903  0 
630       255 1124808903  0 
631       255 1124808903  0 
632       255 1124808903  0 
633       255 1124808903  0 
634       255 1124808903  0 
635       255 1124808903  0 
636       255 1124808903  0 
637       255 1124808903  0 
638       255 1124808903  0 
639       255 1124808903  0 
640       255 1124808903  0 
641       255 1124808903  0 
642       255 1124808903  0 
643       255 1124808903  0 
644       255 1124808903  0 
645       255 1124808903  0 
646       255 1124808903  0 
647       255 1124808903  0 
648       255 1124808903  0 
649       255 1124808903  0 
650       255 1124808903  0 
651       255 1124808903  0 
652       255 1124808903  0 
653       255 1124808903  0 
654       255 1124808903  0 
655       255 1124808903  0 
656       255 1124808903  0 
657       255 1124808903  0 
658       255 1124808903  0 
659       255 1124808903  0 
660       255 1124808903  0 
661       255 1124808903  0 
662       255 1124808903  0 
663       255 1124808903  0 
664       255 1124808903  0 
665       255 1124808903  0 
666       255 1124808903  0 
667       255 1124808903  0 
668       255 1124808903  0 
669       255 1124808903  0 
670       255 1124808903  0 
671       255 1124808903  0 
672       255 1124808903  0 
673       255 1124808903  0 
674       255 1124808903  0 
675       255 1124808903  0 
676       255 1124808903  0 
677       255 1124808903  0 
678       255 1124808903  0 
679       255 1124808903  0 
680       255 1124808903  0 
681       255 1124808903  0 
682       255 1124808903  0 
683       255 1124808903  0 
684       255 1124808903  0 
685       255 1124808903  0 
686       255 1124808903  0 
687       255 1124808903  0 
688       255 1124808903  0 
689       255 1124808903  0 
690       255 1124808903  0 
691       255 1124808903  0 
692       255 1124808903  0 
693       255 1124808903  0 
694       255 1124808903  0 
695       255 1124808903  0 
696       255 1124808903  0 
697       255 1124808903  0 
698       255 1124808903  0 
699       255 1124808903  0 
700       255 1124808903  0 
701       255 1124808903  0 
702       255 1124808903  0 
703       255 1124808903  0 
704       255 1124808903  0 
705       255 1124808903  0 
706       255 1124808903  0 
707       255 1124808903  0 
708       255 1124808903  0 
709       255 1124808903  0 
710       255 1124808903  0 
711       255 1124808903  0 
712       255 1124808903  0 
713       255 1124808903  0 
714       255 1124808903  0 
715       255 1124808903  0 
716       255 1124808903  0 
717       255 1124808903  0 
718       255 1124808903  0 
719       255 1124808903  0 
720       255 1124808903  0 
721       255 1124808903  0 
722       255 1124808903  0 
723       255 1124808903  0 
724       255 1124808903  0 
725       255 1124808903  0 
726       255 1124808903  0 
727       255 1124808903  0 
728       255 1124808903  0 
729       255 1124808903  0 
730       255 1124808903  0 
731       255 1124808903  0 
732       255 1124808903  0 
733       255 1124808903  0 
734       255 1124808903  0 
735       255 1124808903  0 
736       255 1124808903  0 
737       255 1124808903  0 
738       255 1124808903  0 
739       255 1124808903  0 
740       255 1124808903  0 
741       255 1124808903  0 
742       255 1124808903  0 
743       255 1124808903  0 
744       255 1124808903  0 
745       255 1124808903  0 
746       255 1124808903  0 
747       255 1124808903  0 
748       255 1124808903  0 
749       255 1124808903  0 
750       255 1124808903  0 
751       255 1124808903  0 
752       255 1124808903  0 
753       255 1124808903  0 
754       255 1124808903  0 
755       255 1124808903  0 
756       255 1124808903  0 
757       255 1124808903  0 
758       255 1124808903  0 
759       255 1124808903  0 
760       255 1124808903  0 
761       255 1124808903  0 
762       255 1124808903  0 
763       255 1124808903  0 
764       255 1124808903  0 
765       255 1124808903  0 
766       255 1124808903  0 
767       255 1124808903  0 
768       255 1124808903  0 
769       255 1124808903  0 
770       255 1124808903  0 
771       255 1124808903  0 
772       255 1124808903  0 
773       255 1124808903  0 
774       255 1124808903  0 
775       255 1124808903  0 
776       255 1124808903  0 
777       255 1124808903  0 
778       255 1124808903  0 
779       255 1124808903  0 
780       255 1124808903  0 
781       255 1124808903  0 
782       255 1124808903  0 
783       255 1124808903  0 
784       255 1124808903  0 
785       255 1124808903  0 
786       255 1124808903  0 
787       255 1124808903  0 
788       255 1124808903  0 
789       255 1124808903  0 
790       255 1124808903  0 
791       255 1124808903  0 
792       255 1124808903  0 
793       255 1124808903  0 
794       255 1124808903  0 
795       255 1124808903  0 
796       255 1124808903  0 
797       255 1124808903  0 
798       255 1124808903  0 
799       255 1124808903  0 
800       255 1124808903  0 
801       255 1124808903  0 
802       255 1124808903  0 
803       255 1124808903  0 
804       255 1124808903  0 
805       255 1124808903  0 
806       255 1124808903  0 
807       255 1124808903  0 
808       255 1124808903  0 
809       255 1124808903  0 
810       255 1124808903  0 
811       255 1124808903  0 
812       255 1124808903  0 
813       255 1124808903  0 
814       255 1124808903  0 
815       255 1124808903  0 
816       255 1124808903  0 
817       255 1124808903  0 
818       255 1124808903  0 
819       255 1124808903  0 
820       255 1124808903  0 
821       255 1124808903  0 
822       255 1124808903  0 
823       255 1124808903  0 
824       255 1124808903  0 
825       255 1124808903  0 
826       255 1124808903  0 
827       255 1124808903  0 
828       255 1124808903  0 
829       255 1124808903  0 
830       255 1124808903  0 
831       255 1124808903  0 
832       255 1124808903  0 
833       255 1124808903  0 
834       255 1124808903  0 
835       255 1124808903  0 
836       255 1124808903  0 
837       255 1124808903  0 
838       255 1124808903  0 
839       255 1124808903  0 
840       255 1124808903  0 
841       255 1124808903  0 
842       255 1124808903  0 
843       255 1124808903  0 
844       255 1124808903  0 
845       255 1124808903  0 
846       255 1124808903  0 
847       255 1124808903  0 
848       255 1124808903  0 
849       255 1124808903  0 
850       255 1124808903  0 
851       255 1124808903  0 
852       255 1124808903  0 
853       255 1124808903  0 
854       255 1124808903  0 
855       255 1124808903  0 
856       255 1124808903  0 
857       255 1124808903  0 
858       255 1124808903  0 
859       255 1124808903  0 
860       255 1124808903  0 
861       255 1124808903  0 
862       255 1124808903  0 
863       255 1124808903  0 
864       255 1124808903  0 
865       255 1124808903  0 
866       255 1124808903  0 
867       255 1124808903  0 
868       255 1124808903  0 
869       255 1124808903  0 
870       255 1124808903  0 
871       255 1124808903  0 
872       255 1124808903  0 
873       255 1124808903  0 
874       255 1124808903  0 
875       255 1124808903  0 
876       255 1124808903  0 
877       255 1124808903  0 
878       255 1124808903  0 
879       255 1124808903  0 
880       255 1124808903  0 
881       255 1124808903  0 
882       255 1124808903  0 
883       255 1124808903  0 
884       255 1124808903  0 
885       255 1124808903  0 
886       255 1124808903  0 
887       255 1124808903  0 
888       255 1124808903  0 
889       255 1124808903  0 
890       255 1124808903  0 
891       255 1124808903  0 
892       255 1124808903  0 
893       255 1124808903  0 
894       255 1124808903  0 
895       255 1124808903  0 
