Signal Legend:

Key        Signal Name

0        = sbox_out
1        = values_out
2        = test_out

Data Table:

Signals-> 0   1           2 

sample

-128      0   0           0 
-127      0   0           0 
-126      0   0           0 
-125      0   0           0 
-124      0   0           0 
-123      0   0           0 
-122      0   0           0 
-121      0   0           0 
-120      0   0           0 
-119      0   0           0 
-118      0   0           0 
-117      0   0           0 
-116      0   0           0 
-115      0   0           0 
-114      0   0           0 
-113      0   0           0 
-112      0   0           0 
-111      0   0           0 
-110      0   0           0 
-109      0   0           0 
-108      0   0           0 
-107      0   0           0 
-106      0   0           0 
-105      0   0           0 
-104      0   0           0 
-103      0   0           0 
-102      0   0           0 
-101      0   0           0 
-100      0   0           0 
-99       0   0           0 
-98       0   0           0 
-97       0   0           0 
-96       0   0           0 
-95       0   0           0 
-94       0   0           0 
-93       0   0           0 
-92       0   0           0 
-91       0   0           0 
-90       0   0           0 
-89       0   0           0 
-88       0   0           0 
-87       0   0           0 
-86       0   0           0 
-85       0   0           0 
-84       0   0           0 
-83       0   0           0 
-82       0   0           0 
-81       0   0           0 
-80       0   0           0 
-79       0   0           0 
-78       0   0           0 
-77       0   0           0 
-76       0   0           0 
-75       0   0           0 
-74       0   0           0 
-73       0   0           0 
-72       0   0           0 
-71       0   0           0 
-70       0   0           0 
-69       0   0           0 
-68       0   0           0 
-67       0   0           0 
-66       0   0           0 
-65       0   0           0 
-64       0   0           0 
-63       0   0           0 
-62       0   0           0 
-61       0   0           0 
-60       0   0           0 
-59       0   0           0 
-58       0   0           0 
-57       0   0           0 
-56       0   0           0 
-55       0   0           0 
-54       0   0           0 
-53       0   0           0 
-52       0   0           0 
-51       0   0           0 
-50       0   0           0 
-49       0   0           0 
-48       0   0           0 
-47       0   0           0 
-46       0   0           0 
-45       0   0           0 
-44       0   0           0 
-43       0   0           0 
-42       0   0           0 
-41       0   0           0 
-40       0   0           0 
-39       0   0           0 
-38       0   0           0 
-37       0   0           0 
-36       0   0           0 
-35       0   0           0 
-34       0   0           0 
-33       0   0           0 
-32       0   0           0 
-31       0   0           0 
-30       0   0           0 
-29       0   0           0 
-28       0   0           0 
-27       0   0           0 
-26       0   0           0 
-25       0   0           0 
-24       0   0           0 
-23       0   0           0 
-22       0   0           0 
-21       0   0           0 
-20       0   0           0 
-19       0   0           0 
-18       0   0           0 
-17       0   0           0 
-16       0   0           0 
-15       0   0           0 
-14       0   0           0 
-13       0   0           0 
-12       0   0           0 
-11       0   0           0 
-10       0   0           0 
-9        0   0           0 
-8        0   0           0 
-7        0   0           0 
-6        0   0           0 
-5        0   0           0 
-4        0   0           0 
-3        0   0           0 
-2        0   0           0 
-1        0   0           0 
0         93  -1984620162 1 
1         199 -1971021401 1 
2         91  -1533454768 1 
3         92  -1494340428 1 
4         198 -1126653290 1 
5         196 -1011890065 1 
6         89  -881071742  1 
7         204 -762920961  1 
8         95  -721606033  1 
9         206 -692314799  1 
10        200 -680347082  1 
11        203 -678429753  1 
12        197 -670265745  1 
13        205 -636965649  1 
14        94  -580220145  1 
15        207 -545639257  1 
16        90  -160895921  1 
17        231 7970134     1 
18        214 47054294    1 
19        221 123783174   1 
20        88  133803852   1 
21        95  133808076   1 
22        233 134066124   1 
23        28  133820236   1 
24        57  133824332   1 
25        25  133824332   1 
26        141 134065996   1 
27        200 134066124   1 
28        74  134070092   1 
29        109 132817507   1 
30        93  197129742   1 
31        41  196718351   1 
32        85  196718383   1 
33        83  196718383   1 
34        29  200931308   1 
35        13  184153517   1 
36        7   182044141   1 
37        245 226295630   1 
38        6   237954861   1 
39        254 242169458   1 
40        215 417377767   1 
41        230 283164135   1 
42        182 299940322   1 
43        149 283225570   1 
44        84  283164134   1 
45        183 283680230   1 
46        227 292329611   1 
47        70  300790115   1 
48        119 300786018   1 
49        110 346740067   1 
50        67  346812771   1 
51        168 346706023   1 
52        72  346801255   1 
53        12  363581543   1 
54        63  363053155   1 
55        24  334270204   1 
56        9   317496060   1 
57        11  316968696   1 
58        233 363884644   1 
59        253 422700682   1 
60        218 435481036   1 
61        29  468495101   1 
62        190 437079645   1 
63        10  475574895   1 
64        122 475538286   1 
65        50  475641706   1 
66        40  491828079   1 
67        152 492405354   1 
68        127 475050863   1 
69        173 496560884   1 
70        153 499574503   1 
71        171 513986051   1 
72        165 534619789   1 
73        172 536587079   1 
74        222 537702072   1 
75        229 546025418   1 
76        72  955972206   1 
77        125 553385582   1 
78        185 555508621   1 
79        202 559675156   1 
80        73  1004308009  1 
81        105 1004312364  1 
82        118 584950568   1 
83        121 584628165   1 
84        155 587193731   1 
85        220 593755368   1 
86        184 594521500   1 
87        225 594526105   1 
88        203 594451101   1 
89        141 594512797   1 
90        236 600427405   1 
91        216 606706536   1 
92        133 606775840   1 
93        143 631168808   1 
94        195 638245962   1 
95        135 681570804   1 
96        142 561569397   1 
97        131 560529109   1 
98        143 577306365   1 
99        216 577294045   1 
100       215 577306365   1 
101       148 593002109   1 
102       230 601415285   1 
103       186 603520599   1 
104       180 620535539   1 
105       180 628924155   1 
106       180 627875571   1 
107       180 628399867   1 
108       188 637312755   1 
109       188 637312755   1 
110       188 660905715   1 
111       188 758421235   1 
112       188 804042995   1 
113       239 804954853   1 
114       188 811351795   1 
115       188 811384563   1 
116       188 828161779   1 
117       188 827637491   1 
118       188 827658491   1 
119       188 843890419   1 
120       188 844938995   1 
121       188 846479091   1 
122       188 871644923   1 
123       188 874462459   1 
124       188 877960955   1 
125       247 909513727   1 
126       217 937801589   1 
127       243 939758305   1 
128       180 1052055291  1 
129       188 941463283   1 
130       188 958248691   1 
131       213 972256746   1 
132       188 973969139   1 
133       188 949327603   1 
134       248 956272687   1 
135       252 997200444   1 
136       188 1025357555  1 
137       188 1024300785  1 
138       188 1026397947  1 
139       159 1032685299  1 
140       255 1124808903  1 
141       232 2132645418  1 
142       232 2144115238  1 
143       232 1237161510  1 
144       232 1267013166  1 
145       232 1269667366  1 
146       232 1253905958  1 
147       232 1276483118  1 
148       232 2049807918  1 
149       232 1580045870  1 
150       232 1580045870  1 
151       232 1311610414  1 
152       232 1311577646  1 
153       232 1219335726  1 
154       210 1222292383  1 
155       223 1233875230  1 
156       232 1242371630  1 
157       181 1253944378  1 
158       232 1259198535  1 
159       232 1285363246  1 
160       232 1278055982  1 
161       232 1277007406  1 
162       249 1288150408  1 
163       232 1311610414  1 
164       232 1311618606  1 
165       232 1311618606  1 
166       232 1312142886  1 
167       232 1311618606  1 
168       236 1312459812  1 
169       246 1337597605  1 
170       232 1388580910  1 
171       232 1413787694  1 
172       232 1455730734  1 
173       232 1455722542  1 
174       232 1456246830  1 
175       232 1347727398  1 
176       209 1352219454  1 
177       232 1354700334  1 
178       232 1356107822  1 
179       174 1388164287  1 
180       232 1408544814  1 
181       228 1413240620  1 
182       232 1433186350  1 
183       166 1447999166  1 
184       232 1455722542  1 
185       232 1456255022  1 
186       232 1456255022  1 
187       232 1457303598  1 
188       235 1488500845  1 
189       244 1495351745  1 
190       240 1552638434  1 
191       211 1558367532  1 
192       186 1592039090  1 
193       184 1593826475  1 
194       232 1618778158  1 
195       232 1634504748  1 
196       150 1667727407  1 
197       232 1659146286  1 
198       232 1657057324  1 
199       148 1690161775  1 
200       248 2062390318  1 
201       232 2062390316  1 
202       232 2062390318  1 
203       248 2062398510  1 
204       232 2062390316  1 
205       232 2062390318  1 
206       232 1795011630  1 
207       232 1862112300  1 
208       232 1786614830  1 
209       232 1810740270  1 
210       232 1810740268  1 
211       232 1793963054  1 
212       232 1810732078  1 
213       232 1835897900  1 
214       232 1877849134  1 
215       232 1945090606  1 
216       255 1953488108  1 
217       130 1991098155  1 
218       232 2021504038  1 
219       232 2045613092  1 
220       248 2079167534  1 
221       232 2062398510  1 
222       232 2062398508  1 
223       232 2021504046  1 
224       153 2041304255  1 
225       254 2066455653  1 
226       232 2080292398  1 
227       232 2062466606  1 
228       232 2062466604  1 
229       248 2054009892  1 
230       142 2095693751  1 
231       22  1668125740  1 
232       193 1719196917  1 
233       161 1765799412  1 
234       176 1789443364  1 
235       154 1853603625  1 
236       186 1865989309  1 
237       188 1881773282  1 
238       187 1907996586  1 
239       186 1962606376  1 
240       191 1965684265  1 
241       189 1995308271  1 
242       157 2021390009  1 
243       178 2083429732  1 
244       191 1567596283  1 
245       179 1568341097  1 
246       158 1575681467  1 
247       238 1618303475  1 
248       250 1634040127  1 
249       251 1656478943  1 
250       243 1675280768  1 
251       239 1765175202  1 
252       250 1794192694  1 
253       242 1799747186  1 
254       243 1945265270  1 
255       219 2007867182  1 
256       219 2007867182  1 
257       219 2007867182  1 
258       219 2007867182  1 
259       219 2007867182  1 
260       219 2007867182  1 
261       219 2007867182  1 
262       219 2007867182  1 
263       219 2007867182  1 
264       219 2007867182  1 
265       219 2007867182  1 
266       219 2007867182  1 
267       219 2007867182  1 
268       219 2007867182  1 
269       219 2007867182  1 
270       219 2007867182  1 
271       219 2007867182  1 
272       219 2007867182  1 
273       219 2007867182  1 
274       219 2007867182  1 
275       219 2007867182  1 
276       219 2007867182  1 
277       219 2007867182  1 
278       219 2007867182  1 
279       219 2007867182  1 
280       219 2007867182  1 
281       219 2007867182  1 
282       219 2007867182  1 
283       219 2007867182  1 
284       219 2007867182  1 
285       219 2007867182  1 
286       219 2007867182  1 
287       219 2007867182  1 
288       219 2007867182  1 
289       219 2007867182  1 
290       219 2007867182  1 
291       219 2007867182  1 
292       219 2007867182  1 
293       219 2007867182  1 
294       219 2007867182  1 
295       219 2007867182  1 
296       219 2007867182  1 
297       219 2007867182  1 
298       219 2007867182  1 
299       219 2007867182  1 
300       219 2007867182  1 
301       219 2007867182  1 
302       219 2007867182  1 
303       219 2007867182  1 
304       219 2007867182  1 
305       219 2007867182  1 
306       219 2007867182  1 
307       219 2007867182  1 
308       219 2007867182  1 
309       219 2007867182  1 
310       219 2007867182  1 
311       219 2007867182  1 
312       219 2007867182  1 
313       219 2007867182  1 
314       219 2007867182  1 
315       219 2007867182  1 
316       219 2007867182  1 
317       219 2007867182  1 
318       219 2007867182  1 
319       219 2007867182  1 
320       219 2007867182  1 
321       219 2007867182  1 
322       219 2007867182  1 
323       219 2007867182  1 
324       219 2007867182  1 
325       219 2007867182  1 
326       219 2007867182  1 
327       219 2007867182  1 
328       219 2007867182  1 
329       219 2007867182  1 
330       219 2007867182  1 
331       219 2007867182  1 
332       219 2007867182  1 
333       219 2007867182  1 
334       219 2007867182  1 
335       219 2007867182  1 
336       219 2007867182  1 
337       219 2007867182  1 
338       219 2007867182  1 
339       219 2007867182  1 
340       219 2007867182  1 
341       219 2007867182  1 
342       219 2007867182  1 
343       219 2007867182  1 
344       219 2007867182  1 
345       219 2007867182  1 
346       219 2007867182  1 
347       219 2007867182  1 
348       219 2007867182  1 
349       219 2007867182  1 
350       219 2007867182  1 
351       219 2007867182  1 
352       219 2007867182  1 
353       219 2007867182  1 
354       219 2007867182  1 
355       219 2007867182  1 
356       219 2007867182  1 
357       219 2007867182  1 
358       219 2007867182  1 
359       219 2007867182  1 
360       219 2007867182  1 
361       219 2007867182  1 
362       219 2007867182  1 
363       219 2007867182  1 
364       219 2007867182  1 
365       219 2007867182  1 
366       219 2007867182  1 
367       219 2007867182  1 
368       219 2007867182  1 
369       219 2007867182  1 
370       219 2007867182  1 
371       219 2007867182  1 
372       219 2007867182  1 
373       219 2007867182  1 
374       219 2007867182  1 
375       219 2007867182  1 
376       219 2007867182  1 
377       219 2007867182  1 
378       219 2007867182  1 
379       219 2007867182  1 
380       219 2007867182  1 
381       219 2007867182  1 
382       219 2007867182  1 
383       219 2007867182  1 
384       219 2007867182  1 
385       219 2007867182  1 
386       219 2007867182  1 
387       219 2007867182  1 
388       219 2007867182  1 
389       219 2007867182  1 
390       219 2007867182  1 
391       219 2007867182  1 
392       219 2007867182  1 
393       219 2007867182  1 
394       219 2007867182  1 
395       219 2007867182  1 
396       219 2007867182  1 
397       219 2007867182  1 
398       219 2007867182  1 
399       219 2007867182  1 
400       219 2007867182  1 
401       219 2007867182  1 
402       219 2007867182  1 
403       219 2007867182  1 
404       219 2007867182  1 
405       219 2007867182  1 
406       219 2007867182  1 
407       219 2007867182  1 
408       219 2007867182  1 
409       219 2007867182  1 
410       219 2007867182  1 
411       219 2007867182  1 
412       219 2007867182  1 
413       219 2007867182  1 
414       219 2007867182  1 
415       219 2007867182  1 
416       219 2007867182  1 
417       219 2007867182  1 
418       219 2007867182  1 
419       219 2007867182  1 
420       219 2007867182  1 
421       219 2007867182  1 
422       219 2007867182  1 
423       219 2007867182  1 
424       219 2007867182  1 
425       219 2007867182  1 
426       219 2007867182  1 
427       219 2007867182  1 
428       219 2007867182  1 
429       219 2007867182  1 
430       219 2007867182  1 
431       219 2007867182  1 
432       219 2007867182  1 
433       219 2007867182  1 
434       219 2007867182  1 
435       219 2007867182  1 
436       219 2007867182  1 
437       219 2007867182  1 
438       219 2007867182  1 
439       219 2007867182  1 
440       219 2007867182  1 
441       219 2007867182  1 
442       219 2007867182  1 
443       219 2007867182  1 
444       219 2007867182  1 
445       219 2007867182  1 
446       219 2007867182  1 
447       219 2007867182  1 
448       219 2007867182  1 
449       219 2007867182  1 
450       219 2007867182  1 
451       219 2007867182  1 
452       219 2007867182  1 
453       219 2007867182  1 
454       219 2007867182  1 
455       219 2007867182  1 
456       219 2007867182  1 
457       219 2007867182  1 
458       219 2007867182  1 
459       219 2007867182  1 
460       219 2007867182  1 
461       219 2007867182  1 
462       219 2007867182  1 
463       219 2007867182  1 
464       219 2007867182  1 
465       219 2007867182  1 
466       219 2007867182  1 
467       219 2007867182  1 
468       219 2007867182  1 
469       219 2007867182  1 
470       219 2007867182  1 
471       219 2007867182  1 
472       219 2007867182  1 
473       219 2007867182  1 
474       219 2007867182  1 
475       219 2007867182  1 
476       219 2007867182  1 
477       219 2007867182  1 
478       219 2007867182  1 
479       219 2007867182  1 
480       219 2007867182  1 
481       219 2007867182  1 
482       219 2007867182  1 
483       219 2007867182  1 
484       219 2007867182  1 
485       219 2007867182  1 
486       219 2007867182  1 
487       219 2007867182  1 
488       219 2007867182  1 
489       219 2007867182  1 
490       219 2007867182  1 
491       219 2007867182  1 
492       219 2007867182  1 
493       219 2007867182  1 
494       219 2007867182  1 
495       219 2007867182  1 
496       219 2007867182  1 
497       219 2007867182  1 
498       219 2007867182  1 
499       219 2007867182  1 
500       219 2007867182  1 
501       219 2007867182  1 
502       219 2007867182  1 
503       219 2007867182  1 
504       219 2007867182  1 
505       219 2007867182  1 
506       219 2007867182  1 
507       219 2007867182  1 
508       219 2007867182  1 
509       219 2007867182  1 
510       219 2007867182  1 
511       219 2007867182  1 
512       219 2007867182  1 
513       219 2007867182  1 
514       219 2007867182  1 
515       219 2007867182  1 
516       219 2007867182  1 
517       219 2007867182  1 
518       219 2007867182  1 
519       219 2007867182  1 
520       219 2007867182  1 
521       219 2007867182  1 
522       219 2007867182  1 
523       219 2007867182  1 
524       219 2007867182  1 
525       219 2007867182  1 
526       219 2007867182  1 
527       219 2007867182  1 
528       219 2007867182  1 
529       219 2007867182  1 
530       219 2007867182  1 
531       219 2007867182  1 
532       219 2007867182  1 
533       219 2007867182  1 
534       219 2007867182  1 
535       219 2007867182  1 
536       219 2007867182  1 
537       219 2007867182  1 
538       219 2007867182  1 
539       219 2007867182  1 
540       219 2007867182  1 
541       219 2007867182  1 
542       219 2007867182  1 
543       219 2007867182  1 
544       219 2007867182  1 
545       219 2007867182  1 
546       219 2007867182  1 
547       219 2007867182  1 
548       219 2007867182  1 
549       219 2007867182  1 
550       219 2007867182  1 
551       219 2007867182  1 
552       219 2007867182  1 
553       219 2007867182  1 
554       219 2007867182  1 
555       219 2007867182  1 
556       219 2007867182  1 
557       219 2007867182  1 
558       219 2007867182  1 
559       219 2007867182  1 
560       219 2007867182  1 
561       219 2007867182  1 
562       219 2007867182  1 
563       219 2007867182  1 
564       219 2007867182  1 
565       219 2007867182  1 
566       219 2007867182  1 
567       219 2007867182  1 
568       219 2007867182  1 
569       219 2007867182  1 
570       219 2007867182  1 
571       219 2007867182  1 
572       219 2007867182  1 
573       219 2007867182  1 
574       219 2007867182  1 
575       219 2007867182  1 
576       219 2007867182  1 
577       219 2007867182  1 
578       219 2007867182  1 
579       219 2007867182  1 
580       219 2007867182  1 
581       219 2007867182  1 
582       219 2007867182  1 
583       219 2007867182  1 
584       219 2007867182  1 
585       219 2007867182  1 
586       219 2007867182  1 
587       219 2007867182  1 
588       219 2007867182  1 
589       219 2007867182  1 
590       219 2007867182  1 
591       219 2007867182  1 
592       219 2007867182  1 
593       219 2007867182  1 
594       219 2007867182  1 
595       219 2007867182  1 
596       219 2007867182  1 
597       219 2007867182  1 
598       219 2007867182  1 
599       219 2007867182  1 
600       219 2007867182  1 
601       219 2007867182  1 
602       219 2007867182  1 
603       219 2007867182  1 
604       219 2007867182  1 
605       219 2007867182  1 
606       219 2007867182  1 
607       219 2007867182  1 
608       219 2007867182  1 
609       219 2007867182  1 
610       219 2007867182  1 
611       219 2007867182  1 
612       219 2007867182  1 
613       219 2007867182  1 
614       219 2007867182  1 
615       219 2007867182  1 
616       219 2007867182  1 
617       219 2007867182  1 
618       219 2007867182  1 
619       219 2007867182  1 
620       219 2007867182  1 
621       219 2007867182  1 
622       219 2007867182  1 
623       219 2007867182  1 
624       219 2007867182  1 
625       219 2007867182  1 
626       219 2007867182  1 
627       219 2007867182  1 
628       219 2007867182  1 
629       219 2007867182  1 
630       219 2007867182  1 
631       219 2007867182  1 
632       219 2007867182  1 
633       219 2007867182  1 
634       219 2007867182  1 
635       219 2007867182  1 
636       219 2007867182  1 
637       219 2007867182  1 
638       219 2007867182  1 
639       219 2007867182  1 
640       219 2007867182  1 
641       219 2007867182  1 
642       219 2007867182  1 
643       219 2007867182  1 
644       219 2007867182  1 
645       219 2007867182  1 
646       219 2007867182  1 
647       219 2007867182  1 
648       219 2007867182  1 
649       219 2007867182  1 
650       219 2007867182  1 
651       219 2007867182  1 
652       219 2007867182  1 
653       219 2007867182  1 
654       219 2007867182  1 
655       219 2007867182  1 
656       219 2007867182  1 
657       219 2007867182  1 
658       219 2007867182  1 
659       219 2007867182  1 
660       219 2007867182  1 
661       219 2007867182  1 
662       219 2007867182  1 
663       219 2007867182  1 
664       219 2007867182  1 
665       219 2007867182  1 
666       219 2007867182  1 
667       219 2007867182  1 
668       219 2007867182  1 
669       219 2007867182  1 
670       219 2007867182  1 
671       219 2007867182  1 
672       219 2007867182  1 
673       219 2007867182  1 
674       219 2007867182  1 
675       219 2007867182  1 
676       219 2007867182  1 
677       219 2007867182  1 
678       219 2007867182  1 
679       219 2007867182  1 
680       219 2007867182  1 
681       219 2007867182  1 
682       219 2007867182  1 
683       219 2007867182  1 
684       219 2007867182  1 
685       219 2007867182  1 
686       219 2007867182  1 
687       219 2007867182  1 
688       219 2007867182  1 
689       219 2007867182  1 
690       219 2007867182  1 
691       219 2007867182  1 
692       219 2007867182  1 
693       219 2007867182  1 
694       219 2007867182  1 
695       219 2007867182  1 
696       219 2007867182  1 
697       219 2007867182  1 
698       219 2007867182  1 
699       219 2007867182  1 
700       219 2007867182  1 
701       219 2007867182  1 
702       219 2007867182  1 
703       219 2007867182  1 
704       219 2007867182  1 
705       219 2007867182  1 
706       219 2007867182  1 
707       219 2007867182  1 
708       219 2007867182  1 
709       219 2007867182  1 
710       219 2007867182  1 
711       219 2007867182  1 
712       219 2007867182  1 
713       219 2007867182  1 
714       219 2007867182  1 
715       219 2007867182  1 
716       219 2007867182  1 
717       219 2007867182  1 
718       219 2007867182  1 
719       219 2007867182  1 
720       219 2007867182  1 
721       219 2007867182  1 
722       219 2007867182  1 
723       219 2007867182  1 
724       219 2007867182  1 
725       219 2007867182  1 
726       219 2007867182  1 
727       219 2007867182  1 
728       219 2007867182  1 
729       219 2007867182  1 
730       219 2007867182  1 
731       219 2007867182  1 
732       219 2007867182  1 
733       219 2007867182  1 
734       219 2007867182  1 
735       219 2007867182  1 
736       219 2007867182  1 
737       219 2007867182  1 
738       219 2007867182  1 
739       219 2007867182  1 
740       219 2007867182  1 
741       219 2007867182  1 
742       219 2007867182  1 
743       219 2007867182  1 
744       219 2007867182  1 
745       219 2007867182  1 
746       219 2007867182  1 
747       219 2007867182  1 
748       219 2007867182  1 
749       219 2007867182  1 
750       219 2007867182  1 
751       219 2007867182  1 
752       219 2007867182  1 
753       219 2007867182  1 
754       219 2007867182  1 
755       219 2007867182  1 
756       219 2007867182  1 
757       219 2007867182  1 
758       219 2007867182  1 
759       219 2007867182  1 
760       219 2007867182  1 
761       219 2007867182  1 
762       219 2007867182  1 
763       219 2007867182  1 
764       219 2007867182  1 
765       219 2007867182  1 
766       219 2007867182  1 
767       219 2007867182  1 
768       219 2007867182  1 
769       219 2007867182  1 
770       219 2007867182  1 
771       219 2007867182  1 
772       219 2007867182  1 
773       219 2007867182  1 
774       219 2007867182  1 
775       219 2007867182  1 
776       219 2007867182  1 
777       219 2007867182  1 
778       219 2007867182  1 
779       219 2007867182  1 
780       219 2007867182  1 
781       219 2007867182  1 
782       219 2007867182  1 
783       219 2007867182  1 
784       219 2007867182  1 
785       219 2007867182  1 
786       219 2007867182  1 
787       219 2007867182  1 
788       219 2007867182  1 
789       219 2007867182  1 
790       219 2007867182  1 
791       219 2007867182  1 
792       219 2007867182  1 
793       219 2007867182  1 
794       219 2007867182  1 
795       219 2007867182  1 
796       219 2007867182  1 
797       219 2007867182  1 
798       219 2007867182  1 
799       219 2007867182  1 
800       219 2007867182  1 
801       219 2007867182  1 
802       219 2007867182  1 
803       219 2007867182  1 
804       219 2007867182  1 
805       219 2007867182  1 
806       219 2007867182  1 
807       219 2007867182  1 
808       219 2007867182  1 
809       219 2007867182  1 
810       219 2007867182  1 
811       219 2007867182  1 
812       219 2007867182  1 
813       219 2007867182  1 
814       219 2007867182  1 
815       219 2007867182  1 
816       219 2007867182  1 
817       219 2007867182  1 
818       219 2007867182  1 
819       219 2007867182  1 
820       219 2007867182  1 
821       219 2007867182  1 
822       219 2007867182  1 
823       219 2007867182  1 
824       219 2007867182  1 
825       219 2007867182  1 
826       219 2007867182  1 
827       219 2007867182  1 
828       219 2007867182  1 
829       219 2007867182  1 
830       219 2007867182  1 
831       219 2007867182  1 
832       219 2007867182  1 
833       219 2007867182  1 
834       219 2007867182  1 
835       219 2007867182  1 
836       219 2007867182  1 
837       219 2007867182  1 
838       219 2007867182  1 
839       219 2007867182  1 
840       219 2007867182  1 
841       219 2007867182  1 
842       219 2007867182  1 
843       219 2007867182  1 
844       219 2007867182  1 
845       219 2007867182  1 
846       219 2007867182  1 
847       219 2007867182  1 
848       219 2007867182  1 
849       219 2007867182  1 
850       219 2007867182  1 
851       219 2007867182  1 
852       219 2007867182  1 
853       219 2007867182  1 
854       219 2007867182  1 
855       219 2007867182  1 
856       219 2007867182  1 
857       219 2007867182  1 
858       219 2007867182  1 
859       219 2007867182  1 
860       219 2007867182  1 
861       219 2007867182  1 
862       219 2007867182  1 
863       219 2007867182  1 
864       219 2007867182  1 
865       219 2007867182  1 
866       219 2007867182  1 
867       219 2007867182  1 
868       219 2007867182  1 
869       219 2007867182  1 
870       219 2007867182  1 
871       219 2007867182  1 
872       219 2007867182  1 
873       219 2007867182  1 
874       219 2007867182  1 
875       219 2007867182  1 
876       219 2007867182  1 
877       219 2007867182  1 
878       219 2007867182  1 
879       219 2007867182  1 
880       219 2007867182  1 
881       219 2007867182  1 
882       219 2007867182  1 
883       219 2007867182  1 
884       219 2007867182  1 
885       219 2007867182  1 
886       219 2007867182  1 
887       219 2007867182  1 
888       219 2007867182  1 
889       219 2007867182  1 
890       219 2007867182  1 
891       219 2007867182  1 
892       219 2007867182  1 
893       219 2007867182  1 
894       219 2007867182  1 
895       219 2007867182  1 
