Signal Legend:

Key        Signal Name

0        = sbox_out
1        = values_out
2        = test_out

Data Table:

Signals-> 0   1           2 

sample

-128      0   0           0 
-127      0   0           0 
-126      0   0           0 
-125      0   0           0 
-124      0   0           0 
-123      0   0           0 
-122      0   0           0 
-121      0   0           0 
-120      0   0           0 
-119      0   0           0 
-118      0   0           0 
-117      0   0           0 
-116      0   0           0 
-115      0   0           0 
-114      0   0           0 
-113      0   0           0 
-112      0   0           0 
-111      0   0           0 
-110      0   0           0 
-109      0   0           0 
-108      0   0           0 
-107      0   0           0 
-106      0   0           0 
-105      0   0           0 
-104      0   0           0 
-103      0   0           0 
-102      0   0           0 
-101      0   0           0 
-100      0   0           0 
-99       0   0           0 
-98       0   0           0 
-97       0   0           0 
-96       0   0           0 
-95       0   0           0 
-94       0   0           0 
-93       0   0           0 
-92       0   0           0 
-91       0   0           0 
-90       0   0           0 
-89       0   0           0 
-88       0   0           0 
-87       0   0           0 
-86       0   0           0 
-85       0   0           0 
-84       0   0           0 
-83       0   0           0 
-82       0   0           0 
-81       0   0           0 
-80       0   0           0 
-79       0   0           0 
-78       0   0           0 
-77       0   0           0 
-76       0   0           0 
-75       0   0           0 
-74       0   0           0 
-73       0   0           0 
-72       0   0           0 
-71       0   0           0 
-70       0   0           0 
-69       0   0           0 
-68       0   0           0 
-67       0   0           0 
-66       0   0           0 
-65       0   0           0 
-64       0   0           0 
-63       0   0           0 
-62       0   0           0 
-61       0   0           0 
-60       0   0           0 
-59       0   0           0 
-58       0   0           0 
-57       0   0           0 
-56       0   0           0 
-55       0   0           0 
-54       0   0           0 
-53       0   0           0 
-52       0   0           0 
-51       0   0           0 
-50       0   0           0 
-49       0   0           0 
-48       0   0           0 
-47       0   0           0 
-46       0   0           0 
-45       0   0           0 
-44       0   0           0 
-43       0   0           0 
-42       0   0           0 
-41       0   0           0 
-40       0   0           0 
-39       0   0           0 
-38       0   0           0 
-37       0   0           0 
-36       0   0           0 
-35       0   0           0 
-34       0   0           0 
-33       0   0           0 
-32       0   0           0 
-31       0   0           0 
-30       0   0           0 
-29       0   0           0 
-28       0   0           0 
-27       0   0           0 
-26       0   0           0 
-25       0   0           0 
-24       0   0           0 
-23       0   0           0 
-22       0   0           0 
-21       0   0           0 
-20       0   0           0 
-19       0   0           0 
-18       0   0           0 
-17       0   0           0 
-16       0   0           0 
-15       0   0           0 
-14       0   0           0 
-13       0   0           0 
-12       0   0           0 
-11       0   0           0 
-10       0   0           0 
-9        0   0           0 
-8        0   0           0 
-7        0   0           0 
-6        0   0           0 
-5        0   0           0 
-4        0   0           0 
-3        0   0           0 
-2        0   0           0 
-1        0   0           0 
0         93  -1984620162 1 
1         199 -1971021401 1 
2         91  -1533454768 1 
3         92  -1494340428 1 
4         198 -1124556138 1 
5         196 -1011890065 1 
6         89  -881071742  1 
7         204 -762920961  1 
8         95  -721606033  1 
9         206 -692314799  1 
10        200 -680347082  1 
11        203 -678429753  1 
12        197 -670266257  1 
13        205 -636965649  1 
14        94  -580220145  1 
15        207 -545639257  1 
16        90  -160895921  1 
17        231 7970134     1 
18        214 47054294    1 
19        221 123783174   1 
20        88  182158947   1 
21        95  182163171   1 
22        233 182421219   1 
23        28  182158947   1 
24        57  182163043   1 
25        25  182163043   1 
26        205 182421091   1 
27        200 182421219   1 
28        109 182158947   1 
29        74  182296396   1 
30        29  178247182   1 
31        19  177835791   1 
32        19  177835823   1 
33        19  177835823   1 
34        29  182048748   1 
35        13  182048173   1 
36        7   182044141   1 
37        245 226295630   1 
38        6   237954861   1 
39        254 242169458   1 
40        215 480437607   1 
41        230 346223975   1 
42        227 363516003   1 
43        182 363000162   1 
44        149 346801506   1 
45        183 346740070   1 
46        84  480441702   1 
47        70  363589987   1 
48        119 363585890   1 
49        110 346740067   1 
50        67  346812771   1 
51        168 346706023   1 
52        72  346801255   1 
53        12  363581543   1 
54        63  363053155   1 
55        24  319606364   1 
56        9   437049948   1 
57        11  302304856   1 
58        233 363884644   1 
59        253 422700682   1 
60        218 435481036   1 
61        29  453798493   1 
62        190 437079645   1 
63        10  483291879   1 
64        122 483288038   1 
65        50  483391458   1 
66        173 496560884   1 
67        32  499577831   1 
68        153 499574503   1 
69        171 513986055   1 
70        173 534611597   1 
71        164 536054087   1 
72        222 537702072   1 
73        229 546025418   1 
74        144 972810862   1 
75        127 955972463   1 
76        64  955939434   1 
77        125 553352814   1 
78        185 555508621   1 
79        202 559642388   1 
80        73  1004316201  1 
81        105 1004320556  1 
82        118 584941864   1 
83        121 584627653   1 
84        155 587194243   1 
85        220 594279656   1 
86        184 594522012   1 
87        225 594526105   1 
88        203 594451101   1 
89        141 594512797   1 
90        236 600427405   1 
91        216 606706536   1 
92        133 606743076   1 
93        143 631168808   1 
94        195 638245962   1 
95        143 711965081   1 
96        216 577294045   1 
97        215 577306237   1 
98        148 586743415   1 
99        186 603512439   1 
100       194 542699253   1 
101       135 551091957   1 
102       134 559472373   1 
103       159 559480533   1 
104       180 559468455   1 
105       180 627625895   1 
106       180 670617511   1 
107       180 628674479   1 
108       188 627625895   1 
109       188 628674479   1 
110       188 661180327   1 
111       188 758171559   1 
112       188 803793319   1 
113       239 804954853   1 
114       188 811134887   1 
115       188 827912103   1 
116       188 827912103   1 
117       188 811134887   1 
118       188 827408815   1 
119       188 843640743   1 
120       188 844689319   1 
121       188 863006631   1 
122       188 871395247   1 
123       188 874212783   1 
124       188 877711279   1 
125       247 909513727   1 
126       217 937793397   1 
127       243 939758305   1 
128       248 956272687   1 
129       180 1056066479  1 
130       188 962251687   1 
131       188 962259879   1 
132       213 972289514   1 
133       188 977988519   1 
134       252 997200444   1 
135       188 1054010279  1 
136       188 1012591525  1 
137       188 1011534757  1 
138       188 1028311981  1 
139       159 1019923109  1 
140       239 2120145469  1 
141       239 2144131639  1 
142       239 1239341619  1 
143       239 1271847481  1 
144       239 1590065723  1 
145       239 1590622779  1 
146       239 1590622777  1 
147       239 1322179131  1 
148       239 1338964539  1 
149       239 1338956345  1 
150       239 1338956347  1 
151       239 1322146363  1 
152       239 1523505721  1 
153       239 1565448763  1 
154       239 1607359035  1 
155       231 1607359033  1 
156       239 1607391803  1 
157       239 1566472755  1 
158       239 1607399993  1 
159       239 1607399995  1 
160       239 1608440379  1 
161       239 1768872497  1 
162       239 2062481979  1 
163       239 2062473787  1 
164       231 2062481977  1 
165       239 2062481979  1 
166       239 2079251003  1 
167       231 1859050041  1 
168       239 1860098619  1 
169       239 1860106811  1 
170       231 1786706489  1 
171       239 1810823739  1 
172       239 1794046523  1 
173       239 1794038329  1 
174       231 1810823739  1 
175       239 1833884219  1 
176       231 1877932601  1 
177       231 2038364731  1 
178       239 2045696571  1 
179       231 2079251001  1 
180       231 2079259195  1 
181       239 2079251003  1 
182       231 2080299577  1 
183       239 2079259195  1 
184       239 2144270907  1 
185       231 1135409209  1 
186       240 1119807202  1 
187       255 1124808903  1 
188       138 1142720046  1 
189       156 1219028216  1 
190       210 1221768125  1 
191       223 1235480854  1 
192       234 2126948991  1 
193       234 1244506239  1 
194       181 1253420090  1 
195       232 1259198567  1 
196       249 1288150408  1 
197       251 1303596604  1 
198       234 1294773375  1 
199       151 1298114859  1 
200       252 1312468012  1 
201       242 1316720125  1 
202       146 1328391803  1 
203       246 1337630373  1 
204       209 1354349374  1 
205       155 1354479231  1 
206       190 1388156095  1 
207       252 1413273388  1 
208       190 1450096316  1 
209       235 1488500845  1 
210       248 1493168124  1 
211       244 1495917025  1 
212       145 1526578174  1 
213       240 1554768354  1 
214       211 1558900012  1 
215       252 1563274411  1 
216       250 1588575869  1 
217       186 1592571570  1 
218       184 1610611873  1 
219       250 1618914431  1 
220       150 1668262959  1 
221       245 1672062508  1 
222       251 1676453371  1 
223       148 1706944111  1 
224       249 1945087608  1 
225       255 1953492198  1 
226       146 2000678697  1 
227       248 2021501996  1 
228       254 2049682543  1 
229       248 1898835240  1 
230       153 2041308349  1 
231       150 1667868207  1 
232       209 1719205109  1 
233       177 1765799412  1 
234       176 1789443364  1 
235       154 1853603625  1 
236       186 1865989309  1 
237       188 1881773282  1 
238       187 1907996586  1 
239       186 1962606376  1 
240       191 1965684265  1 
241       189 1995308271  1 
242       157 2021357241  1 
243       178 2083429732  1 
244       191 1563361279  1 
245       158 1563065855  1 
246       187 1568407351  1 
247       238 1618303475  1 
248       250 1634040127  1 
249       243 1675280768  1 
250       255 1765175202  1 
251       242 1799747154  1 
252       243 1945265270  1 
253       249 1284480808  1 
254       251 1656478975  1 
255       250 1794192694  1 
256       250 1794192694  1 
257       250 1794192694  1 
258       250 1794192694  1 
259       250 1794192694  1 
260       250 1794192694  1 
261       250 1794192694  1 
262       250 1794192694  1 
263       250 1794192694  1 
264       250 1794192694  1 
265       250 1794192694  1 
266       250 1794192694  1 
267       250 1794192694  1 
268       250 1794192694  1 
269       250 1794192694  1 
270       250 1794192694  1 
271       250 1794192694  1 
272       250 1794192694  1 
273       250 1794192694  1 
274       250 1794192694  1 
275       250 1794192694  1 
276       250 1794192694  1 
277       250 1794192694  1 
278       250 1794192694  1 
279       250 1794192694  1 
280       250 1794192694  1 
281       250 1794192694  1 
282       250 1794192694  1 
283       250 1794192694  1 
284       250 1794192694  1 
285       250 1794192694  1 
286       250 1794192694  1 
287       250 1794192694  1 
288       250 1794192694  1 
289       250 1794192694  1 
290       250 1794192694  1 
291       250 1794192694  1 
292       250 1794192694  1 
293       250 1794192694  1 
294       250 1794192694  1 
295       250 1794192694  1 
296       250 1794192694  1 
297       250 1794192694  1 
298       250 1794192694  1 
299       250 1794192694  1 
300       250 1794192694  1 
301       250 1794192694  1 
302       250 1794192694  1 
303       250 1794192694  1 
304       250 1794192694  1 
305       250 1794192694  1 
306       250 1794192694  1 
307       250 1794192694  1 
308       250 1794192694  1 
309       250 1794192694  1 
310       250 1794192694  1 
311       250 1794192694  1 
312       250 1794192694  1 
313       250 1794192694  1 
314       250 1794192694  1 
315       250 1794192694  1 
316       250 1794192694  1 
317       250 1794192694  1 
318       250 1794192694  1 
319       250 1794192694  1 
320       250 1794192694  1 
321       250 1794192694  1 
322       250 1794192694  1 
323       250 1794192694  1 
324       250 1794192694  1 
325       250 1794192694  1 
326       250 1794192694  1 
327       250 1794192694  1 
328       250 1794192694  1 
329       250 1794192694  1 
330       250 1794192694  1 
331       250 1794192694  1 
332       250 1794192694  1 
333       250 1794192694  1 
334       250 1794192694  1 
335       250 1794192694  1 
336       250 1794192694  1 
337       250 1794192694  1 
338       250 1794192694  1 
339       250 1794192694  1 
340       250 1794192694  1 
341       250 1794192694  1 
342       250 1794192694  1 
343       250 1794192694  1 
344       250 1794192694  1 
345       250 1794192694  1 
346       250 1794192694  1 
347       250 1794192694  1 
348       250 1794192694  1 
349       250 1794192694  1 
350       250 1794192694  1 
351       250 1794192694  1 
352       250 1794192694  1 
353       250 1794192694  1 
354       250 1794192694  1 
355       250 1794192694  1 
356       250 1794192694  1 
357       250 1794192694  1 
358       250 1794192694  1 
359       250 1794192694  1 
360       250 1794192694  1 
361       250 1794192694  1 
362       250 1794192694  1 
363       250 1794192694  1 
364       250 1794192694  1 
365       250 1794192694  1 
366       250 1794192694  1 
367       250 1794192694  1 
368       250 1794192694  1 
369       250 1794192694  1 
370       250 1794192694  1 
371       250 1794192694  1 
372       250 1794192694  1 
373       250 1794192694  1 
374       250 1794192694  1 
375       250 1794192694  1 
376       250 1794192694  1 
377       250 1794192694  1 
378       250 1794192694  1 
379       250 1794192694  1 
380       250 1794192694  1 
381       250 1794192694  1 
382       250 1794192694  1 
383       250 1794192694  1 
384       250 1794192694  1 
385       250 1794192694  1 
386       250 1794192694  1 
387       250 1794192694  1 
388       250 1794192694  1 
389       250 1794192694  1 
390       250 1794192694  1 
391       250 1794192694  1 
392       250 1794192694  1 
393       250 1794192694  1 
394       250 1794192694  1 
395       250 1794192694  1 
396       250 1794192694  1 
397       250 1794192694  1 
398       250 1794192694  1 
399       250 1794192694  1 
400       250 1794192694  1 
401       250 1794192694  1 
402       250 1794192694  1 
403       250 1794192694  1 
404       250 1794192694  1 
405       250 1794192694  1 
406       250 1794192694  1 
407       250 1794192694  1 
408       250 1794192694  1 
409       250 1794192694  1 
410       250 1794192694  1 
411       250 1794192694  1 
412       250 1794192694  1 
413       250 1794192694  1 
414       250 1794192694  1 
415       250 1794192694  1 
416       250 1794192694  1 
417       250 1794192694  1 
418       250 1794192694  1 
419       250 1794192694  1 
420       250 1794192694  1 
421       250 1794192694  1 
422       250 1794192694  1 
423       250 1794192694  1 
424       250 1794192694  1 
425       250 1794192694  1 
426       250 1794192694  1 
427       250 1794192694  1 
428       250 1794192694  1 
429       250 1794192694  1 
430       250 1794192694  1 
431       250 1794192694  1 
432       250 1794192694  1 
433       250 1794192694  1 
434       250 1794192694  1 
435       250 1794192694  1 
436       250 1794192694  1 
437       250 1794192694  1 
438       250 1794192694  1 
439       250 1794192694  1 
440       250 1794192694  1 
441       250 1794192694  1 
442       250 1794192694  1 
443       250 1794192694  1 
444       250 1794192694  1 
445       250 1794192694  1 
446       250 1794192694  1 
447       250 1794192694  1 
448       250 1794192694  1 
449       250 1794192694  1 
450       250 1794192694  1 
451       250 1794192694  1 
452       250 1794192694  1 
453       250 1794192694  1 
454       250 1794192694  1 
455       250 1794192694  1 
456       250 1794192694  1 
457       250 1794192694  1 
458       250 1794192694  1 
459       250 1794192694  1 
460       250 1794192694  1 
461       250 1794192694  1 
462       250 1794192694  1 
463       250 1794192694  1 
464       250 1794192694  1 
465       250 1794192694  1 
466       250 1794192694  1 
467       250 1794192694  1 
468       250 1794192694  1 
469       250 1794192694  1 
470       250 1794192694  1 
471       250 1794192694  1 
472       250 1794192694  1 
473       250 1794192694  1 
474       250 1794192694  1 
475       250 1794192694  1 
476       250 1794192694  1 
477       250 1794192694  1 
478       250 1794192694  1 
479       250 1794192694  1 
480       250 1794192694  1 
481       250 1794192694  1 
482       250 1794192694  1 
483       250 1794192694  1 
484       250 1794192694  1 
485       250 1794192694  1 
486       250 1794192694  1 
487       250 1794192694  1 
488       250 1794192694  1 
489       250 1794192694  1 
490       250 1794192694  1 
491       250 1794192694  1 
492       250 1794192694  1 
493       250 1794192694  1 
494       250 1794192694  1 
495       250 1794192694  1 
496       250 1794192694  1 
497       250 1794192694  1 
498       250 1794192694  1 
499       250 1794192694  1 
500       250 1794192694  1 
501       250 1794192694  1 
502       250 1794192694  1 
503       250 1794192694  1 
504       250 1794192694  1 
505       250 1794192694  1 
506       250 1794192694  1 
507       250 1794192694  1 
508       250 1794192694  1 
509       250 1794192694  1 
510       250 1794192694  1 
511       250 1794192694  1 
512       250 1794192694  1 
513       250 1794192694  1 
514       250 1794192694  1 
515       250 1794192694  1 
516       250 1794192694  1 
517       250 1794192694  1 
518       250 1794192694  1 
519       250 1794192694  1 
520       250 1794192694  1 
521       250 1794192694  1 
522       250 1794192694  1 
523       250 1794192694  1 
524       250 1794192694  1 
525       250 1794192694  1 
526       250 1794192694  1 
527       250 1794192694  1 
528       250 1794192694  1 
529       250 1794192694  1 
530       250 1794192694  1 
531       250 1794192694  1 
532       250 1794192694  1 
533       250 1794192694  1 
534       250 1794192694  1 
535       250 1794192694  1 
536       250 1794192694  1 
537       250 1794192694  1 
538       250 1794192694  1 
539       250 1794192694  1 
540       250 1794192694  1 
541       250 1794192694  1 
542       250 1794192694  1 
543       250 1794192694  1 
544       250 1794192694  1 
545       250 1794192694  1 
546       250 1794192694  1 
547       250 1794192694  1 
548       250 1794192694  1 
549       250 1794192694  1 
550       250 1794192694  1 
551       250 1794192694  1 
552       250 1794192694  1 
553       250 1794192694  1 
554       250 1794192694  1 
555       250 1794192694  1 
556       250 1794192694  1 
557       250 1794192694  1 
558       250 1794192694  1 
559       250 1794192694  1 
560       250 1794192694  1 
561       250 1794192694  1 
562       250 1794192694  1 
563       250 1794192694  1 
564       250 1794192694  1 
565       250 1794192694  1 
566       250 1794192694  1 
567       250 1794192694  1 
568       250 1794192694  1 
569       250 1794192694  1 
570       250 1794192694  1 
571       250 1794192694  1 
572       250 1794192694  1 
573       250 1794192694  1 
574       250 1794192694  1 
575       250 1794192694  1 
576       250 1794192694  1 
577       250 1794192694  1 
578       250 1794192694  1 
579       250 1794192694  1 
580       250 1794192694  1 
581       250 1794192694  1 
582       250 1794192694  1 
583       250 1794192694  1 
584       250 1794192694  1 
585       250 1794192694  1 
586       250 1794192694  1 
587       250 1794192694  1 
588       250 1794192694  1 
589       250 1794192694  1 
590       250 1794192694  1 
591       250 1794192694  1 
592       250 1794192694  1 
593       250 1794192694  1 
594       250 1794192694  1 
595       250 1794192694  1 
596       250 1794192694  1 
597       250 1794192694  1 
598       250 1794192694  1 
599       250 1794192694  1 
600       250 1794192694  1 
601       250 1794192694  1 
602       250 1794192694  1 
603       250 1794192694  1 
604       250 1794192694  1 
605       250 1794192694  1 
606       250 1794192694  1 
607       250 1794192694  1 
608       250 1794192694  1 
609       250 1794192694  1 
610       250 1794192694  1 
611       250 1794192694  1 
612       250 1794192694  1 
613       250 1794192694  1 
614       250 1794192694  1 
615       250 1794192694  1 
616       250 1794192694  1 
617       250 1794192694  1 
618       250 1794192694  1 
619       250 1794192694  1 
620       250 1794192694  1 
621       250 1794192694  1 
622       250 1794192694  1 
623       250 1794192694  1 
624       250 1794192694  1 
625       250 1794192694  1 
626       250 1794192694  1 
627       250 1794192694  1 
628       250 1794192694  1 
629       250 1794192694  1 
630       250 1794192694  1 
631       250 1794192694  1 
632       250 1794192694  1 
633       250 1794192694  1 
634       250 1794192694  1 
635       250 1794192694  1 
636       250 1794192694  1 
637       250 1794192694  1 
638       250 1794192694  1 
639       250 1794192694  1 
640       250 1794192694  1 
641       250 1794192694  1 
642       250 1794192694  1 
643       250 1794192694  1 
644       250 1794192694  1 
645       250 1794192694  1 
646       250 1794192694  1 
647       250 1794192694  1 
648       250 1794192694  1 
649       250 1794192694  1 
650       250 1794192694  1 
651       250 1794192694  1 
652       250 1794192694  1 
653       250 1794192694  1 
654       250 1794192694  1 
655       250 1794192694  1 
656       250 1794192694  1 
657       250 1794192694  1 
658       250 1794192694  1 
659       250 1794192694  1 
660       250 1794192694  1 
661       250 1794192694  1 
662       250 1794192694  1 
663       250 1794192694  1 
664       250 1794192694  1 
665       250 1794192694  1 
666       250 1794192694  1 
667       250 1794192694  1 
668       250 1794192694  1 
669       250 1794192694  1 
670       250 1794192694  1 
671       250 1794192694  1 
672       250 1794192694  1 
673       250 1794192694  1 
674       250 1794192694  1 
675       250 1794192694  1 
676       250 1794192694  1 
677       250 1794192694  1 
678       250 1794192694  1 
679       250 1794192694  1 
680       250 1794192694  1 
681       250 1794192694  1 
682       250 1794192694  1 
683       250 1794192694  1 
684       250 1794192694  1 
685       250 1794192694  1 
686       250 1794192694  1 
687       250 1794192694  1 
688       250 1794192694  1 
689       250 1794192694  1 
690       250 1794192694  1 
691       250 1794192694  1 
692       250 1794192694  1 
693       250 1794192694  1 
694       250 1794192694  1 
695       250 1794192694  1 
696       250 1794192694  1 
697       250 1794192694  1 
698       250 1794192694  1 
699       250 1794192694  1 
700       250 1794192694  1 
701       250 1794192694  1 
702       250 1794192694  1 
703       250 1794192694  1 
704       250 1794192694  1 
705       250 1794192694  1 
706       250 1794192694  1 
707       250 1794192694  1 
708       250 1794192694  1 
709       250 1794192694  1 
710       250 1794192694  1 
711       250 1794192694  1 
712       250 1794192694  1 
713       250 1794192694  1 
714       250 1794192694  1 
715       250 1794192694  1 
716       250 1794192694  1 
717       250 1794192694  1 
718       250 1794192694  1 
719       250 1794192694  1 
720       250 1794192694  1 
721       250 1794192694  1 
722       250 1794192694  1 
723       250 1794192694  1 
724       250 1794192694  1 
725       250 1794192694  1 
726       250 1794192694  1 
727       250 1794192694  1 
728       250 1794192694  1 
729       250 1794192694  1 
730       250 1794192694  1 
731       250 1794192694  1 
732       250 1794192694  1 
733       250 1794192694  1 
734       250 1794192694  1 
735       250 1794192694  1 
736       250 1794192694  1 
737       250 1794192694  1 
738       250 1794192694  1 
739       250 1794192694  1 
740       250 1794192694  1 
741       250 1794192694  1 
742       250 1794192694  1 
743       250 1794192694  1 
744       250 1794192694  1 
745       250 1794192694  1 
746       250 1794192694  1 
747       250 1794192694  1 
748       250 1794192694  1 
749       250 1794192694  1 
750       250 1794192694  1 
751       250 1794192694  1 
752       250 1794192694  1 
753       250 1794192694  1 
754       250 1794192694  1 
755       250 1794192694  1 
756       250 1794192694  1 
757       250 1794192694  1 
758       250 1794192694  1 
759       250 1794192694  1 
760       250 1794192694  1 
761       250 1794192694  1 
762       250 1794192694  1 
763       250 1794192694  1 
764       250 1794192694  1 
765       250 1794192694  1 
766       250 1794192694  1 
767       250 1794192694  1 
768       250 1794192694  1 
769       250 1794192694  1 
770       250 1794192694  1 
771       250 1794192694  1 
772       250 1794192694  1 
773       250 1794192694  1 
774       250 1794192694  1 
775       250 1794192694  1 
776       250 1794192694  1 
777       250 1794192694  1 
778       250 1794192694  1 
779       250 1794192694  1 
780       250 1794192694  1 
781       250 1794192694  1 
782       250 1794192694  1 
783       250 1794192694  1 
784       250 1794192694  1 
785       250 1794192694  1 
786       250 1794192694  1 
787       250 1794192694  1 
788       250 1794192694  1 
789       250 1794192694  1 
790       250 1794192694  1 
791       250 1794192694  1 
792       250 1794192694  1 
793       250 1794192694  1 
794       250 1794192694  1 
795       250 1794192694  1 
796       250 1794192694  1 
797       250 1794192694  1 
798       250 1794192694  1 
799       250 1794192694  1 
800       250 1794192694  1 
801       250 1794192694  1 
802       250 1794192694  1 
803       250 1794192694  1 
804       250 1794192694  1 
805       250 1794192694  1 
806       250 1794192694  1 
807       250 1794192694  1 
808       250 1794192694  1 
809       250 1794192694  1 
810       250 1794192694  1 
811       250 1794192694  1 
812       250 1794192694  1 
813       250 1794192694  1 
814       250 1794192694  1 
815       250 1794192694  1 
816       250 1794192694  1 
817       250 1794192694  1 
818       250 1794192694  1 
819       250 1794192694  1 
820       250 1794192694  1 
821       250 1794192694  1 
822       250 1794192694  1 
823       250 1794192694  1 
824       250 1794192694  1 
825       250 1794192694  1 
826       250 1794192694  1 
827       250 1794192694  1 
828       250 1794192694  1 
829       250 1794192694  1 
830       250 1794192694  1 
831       250 1794192694  1 
832       250 1794192694  1 
833       250 1794192694  1 
834       250 1794192694  1 
835       250 1794192694  1 
836       250 1794192694  1 
837       250 1794192694  1 
838       250 1794192694  1 
839       250 1794192694  1 
840       250 1794192694  1 
841       250 1794192694  1 
842       250 1794192694  1 
843       250 1794192694  1 
844       250 1794192694  1 
845       250 1794192694  1 
846       250 1794192694  1 
847       250 1794192694  1 
848       250 1794192694  1 
849       250 1794192694  1 
850       250 1794192694  1 
851       250 1794192694  1 
852       250 1794192694  1 
853       250 1794192694  1 
854       250 1794192694  1 
855       250 1794192694  1 
856       250 1794192694  1 
857       250 1794192694  1 
858       250 1794192694  1 
859       250 1794192694  1 
860       250 1794192694  1 
861       250 1794192694  1 
862       250 1794192694  1 
863       250 1794192694  1 
864       250 1794192694  1 
865       250 1794192694  1 
866       250 1794192694  1 
867       250 1794192694  1 
868       250 1794192694  1 
869       250 1794192694  1 
870       250 1794192694  1 
871       250 1794192694  1 
872       250 1794192694  1 
873       250 1794192694  1 
874       250 1794192694  1 
875       250 1794192694  1 
876       250 1794192694  1 
877       250 1794192694  1 
878       250 1794192694  1 
879       250 1794192694  1 
880       250 1794192694  1 
881       250 1794192694  1 
882       250 1794192694  1 
883       250 1794192694  1 
884       250 1794192694  1 
885       250 1794192694  1 
886       250 1794192694  1 
887       250 1794192694  1 
888       250 1794192694  1 
889       250 1794192694  1 
890       250 1794192694  1 
891       250 1794192694  1 
892       250 1794192694  1 
893       250 1794192694  1 
894       250 1794192694  1 
895       250 1794192694  1 
