Signal Legend:

Key        Signal Name

0        = sbox_out
1        = values_out
2        = test_out

Data Table:

Signals-> 0   1           2 

sample

-128      0   0           0 
-127      0   0           0 
-126      0   0           0 
-125      0   0           0 
-124      0   0           0 
-123      0   0           0 
-122      0   0           0 
-121      0   0           0 
-120      0   0           0 
-119      0   0           0 
-118      0   0           0 
-117      0   0           0 
-116      0   0           0 
-115      0   0           0 
-114      0   0           0 
-113      0   0           0 
-112      0   0           0 
-111      0   0           0 
-110      0   0           0 
-109      0   0           0 
-108      0   0           0 
-107      0   0           0 
-106      0   0           0 
-105      0   0           0 
-104      0   0           0 
-103      0   0           0 
-102      0   0           0 
-101      0   0           0 
-100      0   0           0 
-99       0   0           0 
-98       0   0           0 
-97       0   0           0 
-96       0   0           0 
-95       0   0           0 
-94       0   0           0 
-93       0   0           0 
-92       0   0           0 
-91       0   0           0 
-90       0   0           0 
-89       0   0           0 
-88       0   0           0 
-87       0   0           0 
-86       0   0           0 
-85       0   0           0 
-84       0   0           0 
-83       0   0           0 
-82       0   0           0 
-81       0   0           0 
-80       0   0           0 
-79       0   0           0 
-78       0   0           0 
-77       0   0           0 
-76       0   0           0 
-75       0   0           0 
-74       0   0           0 
-73       0   0           0 
-72       0   0           0 
-71       0   0           0 
-70       0   0           0 
-69       0   0           0 
-68       0   0           0 
-67       0   0           0 
-66       0   0           0 
-65       0   0           0 
-64       0   0           0 
-63       0   0           0 
-62       0   0           0 
-61       0   0           0 
-60       0   0           0 
-59       0   0           0 
-58       0   0           0 
-57       0   0           0 
-56       0   0           0 
-55       0   0           0 
-54       0   0           0 
-53       0   0           0 
-52       0   0           0 
-51       0   0           0 
-50       0   0           0 
-49       0   0           0 
-48       0   0           0 
-47       0   0           0 
-46       0   0           0 
-45       0   0           0 
-44       0   0           0 
-43       0   0           0 
-42       0   0           0 
-41       0   0           0 
-40       0   0           0 
-39       0   0           0 
-38       0   0           0 
-37       0   0           0 
-36       0   0           0 
-35       0   0           0 
-34       0   0           0 
-33       0   0           0 
-32       0   0           0 
-31       0   0           0 
-30       0   0           0 
-29       0   0           0 
-28       0   0           0 
-27       0   0           0 
-26       0   0           0 
-25       0   0           0 
-24       0   0           0 
-23       0   0           0 
-22       0   0           0 
-21       0   0           0 
-20       0   0           0 
-19       0   0           0 
-18       0   0           0 
-17       0   0           0 
-16       0   0           0 
-15       0   0           0 
-14       0   0           0 
-13       0   0           0 
-12       0   0           0 
-11       0   0           0 
-10       0   0           0 
-9        0   0           0 
-8        0   0           0 
-7        0   0           0 
-6        0   0           0 
-5        0   0           0 
-4        0   0           0 
-3        0   0           0 
-2        0   0           0 
-1        0   0           0 
0         93  -1984620162 1 
1         199 -1971021401 1 
2         91  -1533454768 1 
3         92  -1494340428 1 
4         198 -1124556138 1 
5         196 -1011890065 1 
6         89  -881071742  1 
7         204 -762920961  1 
8         95  -721606033  1 
9         206 -692314799  1 
10        200 -680379850  1 
11        203 -678429753  1 
12        197 -670266257  1 
13        205 -636965649  1 
14        94  -580220145  1 
15        207 -545639257  1 
16        90  -160895921  1 
17        231 7970134     1 
18        214 47054294    1 
19        221 123783174   1 
20        88  182158947   1 
21        87  182163171   1 
22        233 182388451   1 
23        92  182126179   1 
24        121 182130275   1 
25        89  182130275   1 
26        205 182388323   1 
27        200 182388451   1 
28        109 182126179   1 
29        74  182263628   1 
30        93  178214414   1 
31        83  177803023   1 
32        83  177803055   1 
33        83  177803055   1 
34        93  182015982   1 
35        77  182015405   1 
36        71  182011375   1 
37        245 226295630   1 
38        70  235824943   1 
39        254 242169458   1 
40        215 480437615   1 
41        230 346223983   1 
42        227 363516011   1 
43        182 363000170   1 
44        149 346801514   1 
45        183 346740078   1 
46        110 346740075   1 
47        168 346706031   1 
48        84  480408942   1 
49        70  497774955   1 
50        119 497770858   1 
51        67  480997739   1 
52        64  480986223   1 
53        4   497766511   1 
54        55  497238123   1 
55        24  319573596   1 
56        233 363884644   1 
57        253 422700682   1 
58        218 435481032   1 
59        1   437017180   1 
60        11  436489816   1 
61        29  453798493   1 
62        190 437079645   1 
63        10  483291879   1 
64        122 483288038   1 
65        50  483391458   1 
66        175 496560884   1 
67        32  501674983   1 
68        153 501671655   1 
69        171 513986055   1 
70        173 536184461   1 
71        164 536054631   1 
72        222 537702072   1 
73        229 546025418   1 
74        144 972810862   1 
75        127 955972463   1 
76        64  955939434   1 
77        125 553352814   1 
78        185 557605773   1 
79        202 559642388   1 
80        73  1004316201  1 
81        105 1004320556  1 
82        118 587039016   1 
83        121 584627653   1 
84        155 587194243   1 
85        220 594279656   1 
86        184 594522012   1 
87        225 594526105   1 
88        203 594451101   1 
89        236 602524585   1 
90        216 606706536   1 
91        141 606767652   1 
92        143 631168808   1 
93        195 638246474   1 
94        141 728730013   1 
95        143 711965081   1 
96        216 705464297   1 
97        215 705472489   1 
98        148 714901475   1 
99        186 714909667   1 
100       194 672966625   1 
101       135 766805857   1 
102       134 758425441   1 
103       159 758425441   1 
104       188 758171296   1 
105       188 803784864   1 
106       188 804962976   1 
107       188 827441312   1 
108       180 826392736   1 
109       180 869384352   1 
110       188 827441320   1 
111       180 826392736   1 
112       188 827449512   1 
113       188 859922592   1 
114       188 827416744   1 
115       188 874245280   1 
116       188 874237088   1 
117       188 874212512   1 
118       188 906751136   1 
119       188 907799712   1 
120       188 907758752   1 
121       188 916155560   1 
122       188 874204328   1 
123       188 875622056   1 
124       247 909513727   1 
125       188 917532328   1 
126       217 937793397   1 
127       243 939758305   1 
128       248 956272687   1 
129       221 972256746   1 
130       252 997200444   1 
131       188 1028704928  1 
132       188 1028713120  1 
133       188 1028713120  1 
134       180 1061218978  1 
135       188 1070656160  1 
136       188 1029229216  1 
137       188 1028188832  1 
138       188 1070123680  1 
139       255 1124808903  1 
140       188 2037046059  1 
141       159 2045434661  1 
142       234 2071649071  1 
143       255 1509874231  1 
144       231 1541863997  1 
145       255 1541863995  1 
146       239 1541863995  1 
147       239 1541831225  1 
148       239 1541863995  1 
149       239 1541855803  1 
150       231 1541863993  1 
151       239 1541855803  1 
152       239 1541855803  1 
153       103 1541823033  1 
154       239 1499912763  1 
155       239 1541855803  1 
156       103 1541823033  1 
157       239 1541823035  1 
158       239 1500969531  1 
159       111 1541863993  1 
160       231 1541863995  1 
161       239 1542904379  1 
162       111 2036783665  1 
163       231 2079783483  1 
164       239 2079775291  1 
165       111 2079783481  1 
166       239 2079783483  1 
167       239 2079783483  1 
168       111 2079775289  1 
169       239 2079783483  1 
170       239 2079783483  1 
171       103 2071394873  1 
172       231 2079783483  1 
173       239 2079783483  1 
174       111 2079783481  1 
175       239 2078734875  1 
176       239 2036791867  1 
177       111 2078734905  1 
178       239 2037840443  1 
179       239 2045172283  1 
180       111 2079775289  1 
181       231 2079783483  1 
182       239 2128009755  1 
183       111 2128009785  1 
184       239 2126969403  1 
185       239 2130115131  1 
186       103 1134884921  1 
187       240 1136060394  1 
188       138 1161070382  1 
189       28  1218503928  1 
190       210 1223865277  1 
191       223 1235480886  1 
192       234 2127473279  1 
193       250 1244506239  1 
194       181 1253420090  1 
195       248 1259198567  1 
196       251 1287384892  1 
197       249 1288150408  1 
198       250 1294773375  1 
199       151 1300212011  1 
200       252 1312468012  1 
201       250 1316728317  1 
202       146 1328391803  1 
203       246 1337630373  1 
204       209 1354349374  1 
205       27  1354479231  1 
206       248 1493135356  1 
207       153 1526578174  1 
208       252 1563274411  1 
209       250 1588570749  1 
210       250 1618913407  1 
211       245 1672067630  1 
212       251 1676456441  1 
213       249 1945090618  1 
214       255 1953496302  1 
215       146 2000677673  1 
216       120 2021506094  1 
217       254 2049686639  1 
218       184 1361968424  1 
219       62  1388164287  1 
220       228 1413281580  1 
221       182 1450096316  1 
222       235 1486400621  1 
223       244 1493255617  1 
224       240 1552639458  1 
225       211 1558900012  1 
226       186 1592571570  1 
227       184 1610611873  1 
228       150 1668265007  1 
229       156 1706948207  1 
230       153 2041312447  1 
231       150 1667868207  1 
232       217 1719205109  1 
233       177 1765795316  1 
234       176 1789439276  1 
235       154 1853595433  1 
236       178 1865989309  1 
237       188 1881773282  1 
238       187 1907996586  1 
239       186 1962594088  1 
240       191 1965680169  1 
241       189 1995304175  1 
242       157 2021390009  1 
243       158 2066404795  1 
244       162 1568652413  1 
245       191 1568652927  1 
246       187 1568390965  1 
247       238 1618303475  1 
248       250 1634040127  1 
249       251 1656478943  1 
250       243 1675288960  1 
251       239 1765175202  1 
252       250 1794192694  1 
253       242 1799747186  1 
254       243 1945265270  1 
255       249 1823448872  1 
256       249 1823448872  1 
257       249 1823448872  1 
258       249 1823448872  1 
259       249 1823448872  1 
260       249 1823448872  1 
261       249 1823448872  1 
262       249 1823448872  1 
263       249 1823448872  1 
264       249 1823448872  1 
265       249 1823448872  1 
266       249 1823448872  1 
267       249 1823448872  1 
268       249 1823448872  1 
269       249 1823448872  1 
270       249 1823448872  1 
271       249 1823448872  1 
272       249 1823448872  1 
273       249 1823448872  1 
274       249 1823448872  1 
275       249 1823448872  1 
276       249 1823448872  1 
277       249 1823448872  1 
278       249 1823448872  1 
279       249 1823448872  1 
280       249 1823448872  1 
281       249 1823448872  1 
282       249 1823448872  1 
283       249 1823448872  1 
284       249 1823448872  1 
285       249 1823448872  1 
286       249 1823448872  1 
287       249 1823448872  1 
288       249 1823448872  1 
289       249 1823448872  1 
290       249 1823448872  1 
291       249 1823448872  1 
292       249 1823448872  1 
293       249 1823448872  1 
294       249 1823448872  1 
295       249 1823448872  1 
296       249 1823448872  1 
297       249 1823448872  1 
298       249 1823448872  1 
299       249 1823448872  1 
300       249 1823448872  1 
301       249 1823448872  1 
302       249 1823448872  1 
303       249 1823448872  1 
304       249 1823448872  1 
305       249 1823448872  1 
306       249 1823448872  1 
307       249 1823448872  1 
308       249 1823448872  1 
309       249 1823448872  1 
310       249 1823448872  1 
311       249 1823448872  1 
312       249 1823448872  1 
313       249 1823448872  1 
314       249 1823448872  1 
315       249 1823448872  1 
316       249 1823448872  1 
317       249 1823448872  1 
318       249 1823448872  1 
319       249 1823448872  1 
320       249 1823448872  1 
321       249 1823448872  1 
322       249 1823448872  1 
323       249 1823448872  1 
324       249 1823448872  1 
325       249 1823448872  1 
326       249 1823448872  1 
327       249 1823448872  1 
328       249 1823448872  1 
329       249 1823448872  1 
330       249 1823448872  1 
331       249 1823448872  1 
332       249 1823448872  1 
333       249 1823448872  1 
334       249 1823448872  1 
335       249 1823448872  1 
336       249 1823448872  1 
337       249 1823448872  1 
338       249 1823448872  1 
339       249 1823448872  1 
340       249 1823448872  1 
341       249 1823448872  1 
342       249 1823448872  1 
343       249 1823448872  1 
344       249 1823448872  1 
345       249 1823448872  1 
346       249 1823448872  1 
347       249 1823448872  1 
348       249 1823448872  1 
349       249 1823448872  1 
350       249 1823448872  1 
351       249 1823448872  1 
352       249 1823448872  1 
353       249 1823448872  1 
354       249 1823448872  1 
355       249 1823448872  1 
356       249 1823448872  1 
357       249 1823448872  1 
358       249 1823448872  1 
359       249 1823448872  1 
360       249 1823448872  1 
361       249 1823448872  1 
362       249 1823448872  1 
363       249 1823448872  1 
364       249 1823448872  1 
365       249 1823448872  1 
366       249 1823448872  1 
367       249 1823448872  1 
368       249 1823448872  1 
369       249 1823448872  1 
370       249 1823448872  1 
371       249 1823448872  1 
372       249 1823448872  1 
373       249 1823448872  1 
374       249 1823448872  1 
375       249 1823448872  1 
376       249 1823448872  1 
377       249 1823448872  1 
378       249 1823448872  1 
379       249 1823448872  1 
380       249 1823448872  1 
381       249 1823448872  1 
382       249 1823448872  1 
383       249 1823448872  1 
384       249 1823448872  1 
385       249 1823448872  1 
386       249 1823448872  1 
387       249 1823448872  1 
388       249 1823448872  1 
389       249 1823448872  1 
390       249 1823448872  1 
391       249 1823448872  1 
392       249 1823448872  1 
393       249 1823448872  1 
394       249 1823448872  1 
395       249 1823448872  1 
396       249 1823448872  1 
397       249 1823448872  1 
398       249 1823448872  1 
399       249 1823448872  1 
400       249 1823448872  1 
401       249 1823448872  1 
402       249 1823448872  1 
403       249 1823448872  1 
404       249 1823448872  1 
405       249 1823448872  1 
406       249 1823448872  1 
407       249 1823448872  1 
408       249 1823448872  1 
409       249 1823448872  1 
410       249 1823448872  1 
411       249 1823448872  1 
412       249 1823448872  1 
413       249 1823448872  1 
414       249 1823448872  1 
415       249 1823448872  1 
416       249 1823448872  1 
417       249 1823448872  1 
418       249 1823448872  1 
419       249 1823448872  1 
420       249 1823448872  1 
421       249 1823448872  1 
422       249 1823448872  1 
423       249 1823448872  1 
424       249 1823448872  1 
425       249 1823448872  1 
426       249 1823448872  1 
427       249 1823448872  1 
428       249 1823448872  1 
429       249 1823448872  1 
430       249 1823448872  1 
431       249 1823448872  1 
432       249 1823448872  1 
433       249 1823448872  1 
434       249 1823448872  1 
435       249 1823448872  1 
436       249 1823448872  1 
437       249 1823448872  1 
438       249 1823448872  1 
439       249 1823448872  1 
440       249 1823448872  1 
441       249 1823448872  1 
442       249 1823448872  1 
443       249 1823448872  1 
444       249 1823448872  1 
445       249 1823448872  1 
446       249 1823448872  1 
447       249 1823448872  1 
448       249 1823448872  1 
449       249 1823448872  1 
450       249 1823448872  1 
451       249 1823448872  1 
452       249 1823448872  1 
453       249 1823448872  1 
454       249 1823448872  1 
455       249 1823448872  1 
456       249 1823448872  1 
457       249 1823448872  1 
458       249 1823448872  1 
459       249 1823448872  1 
460       249 1823448872  1 
461       249 1823448872  1 
462       249 1823448872  1 
463       249 1823448872  1 
464       249 1823448872  1 
465       249 1823448872  1 
466       249 1823448872  1 
467       249 1823448872  1 
468       249 1823448872  1 
469       249 1823448872  1 
470       249 1823448872  1 
471       249 1823448872  1 
472       249 1823448872  1 
473       249 1823448872  1 
474       249 1823448872  1 
475       249 1823448872  1 
476       249 1823448872  1 
477       249 1823448872  1 
478       249 1823448872  1 
479       249 1823448872  1 
480       249 1823448872  1 
481       249 1823448872  1 
482       249 1823448872  1 
483       249 1823448872  1 
484       249 1823448872  1 
485       249 1823448872  1 
486       249 1823448872  1 
487       249 1823448872  1 
488       249 1823448872  1 
489       249 1823448872  1 
490       249 1823448872  1 
491       249 1823448872  1 
492       249 1823448872  1 
493       249 1823448872  1 
494       249 1823448872  1 
495       249 1823448872  1 
496       249 1823448872  1 
497       249 1823448872  1 
498       249 1823448872  1 
499       249 1823448872  1 
500       249 1823448872  1 
501       249 1823448872  1 
502       249 1823448872  1 
503       249 1823448872  1 
504       249 1823448872  1 
505       249 1823448872  1 
506       249 1823448872  1 
507       249 1823448872  1 
508       249 1823448872  1 
509       249 1823448872  1 
510       249 1823448872  1 
511       249 1823448872  1 
512       249 1823448872  1 
513       249 1823448872  1 
514       249 1823448872  1 
515       249 1823448872  1 
516       249 1823448872  1 
517       249 1823448872  1 
518       249 1823448872  1 
519       249 1823448872  1 
520       249 1823448872  1 
521       249 1823448872  1 
522       249 1823448872  1 
523       249 1823448872  1 
524       249 1823448872  1 
525       249 1823448872  1 
526       249 1823448872  1 
527       249 1823448872  1 
528       249 1823448872  1 
529       249 1823448872  1 
530       249 1823448872  1 
531       249 1823448872  1 
532       249 1823448872  1 
533       249 1823448872  1 
534       249 1823448872  1 
535       249 1823448872  1 
536       249 1823448872  1 
537       249 1823448872  1 
538       249 1823448872  1 
539       249 1823448872  1 
540       249 1823448872  1 
541       249 1823448872  1 
542       249 1823448872  1 
543       249 1823448872  1 
544       249 1823448872  1 
545       249 1823448872  1 
546       249 1823448872  1 
547       249 1823448872  1 
548       249 1823448872  1 
549       249 1823448872  1 
550       249 1823448872  1 
551       249 1823448872  1 
552       249 1823448872  1 
553       249 1823448872  1 
554       249 1823448872  1 
555       249 1823448872  1 
556       249 1823448872  1 
557       249 1823448872  1 
558       249 1823448872  1 
559       249 1823448872  1 
560       249 1823448872  1 
561       249 1823448872  1 
562       249 1823448872  1 
563       249 1823448872  1 
564       249 1823448872  1 
565       249 1823448872  1 
566       249 1823448872  1 
567       249 1823448872  1 
568       249 1823448872  1 
569       249 1823448872  1 
570       249 1823448872  1 
571       249 1823448872  1 
572       249 1823448872  1 
573       249 1823448872  1 
574       249 1823448872  1 
575       249 1823448872  1 
576       249 1823448872  1 
577       249 1823448872  1 
578       249 1823448872  1 
579       249 1823448872  1 
580       249 1823448872  1 
581       249 1823448872  1 
582       249 1823448872  1 
583       249 1823448872  1 
584       249 1823448872  1 
585       249 1823448872  1 
586       249 1823448872  1 
587       249 1823448872  1 
588       249 1823448872  1 
589       249 1823448872  1 
590       249 1823448872  1 
591       249 1823448872  1 
592       249 1823448872  1 
593       249 1823448872  1 
594       249 1823448872  1 
595       249 1823448872  1 
596       249 1823448872  1 
597       249 1823448872  1 
598       249 1823448872  1 
599       249 1823448872  1 
600       249 1823448872  1 
601       249 1823448872  1 
602       249 1823448872  1 
603       249 1823448872  1 
604       249 1823448872  1 
605       249 1823448872  1 
606       249 1823448872  1 
607       249 1823448872  1 
608       249 1823448872  1 
609       249 1823448872  1 
610       249 1823448872  1 
611       249 1823448872  1 
612       249 1823448872  1 
613       249 1823448872  1 
614       249 1823448872  1 
615       249 1823448872  1 
616       249 1823448872  1 
617       249 1823448872  1 
618       249 1823448872  1 
619       249 1823448872  1 
620       249 1823448872  1 
621       249 1823448872  1 
622       249 1823448872  1 
623       249 1823448872  1 
624       249 1823448872  1 
625       249 1823448872  1 
626       249 1823448872  1 
627       249 1823448872  1 
628       249 1823448872  1 
629       249 1823448872  1 
630       249 1823448872  1 
631       249 1823448872  1 
632       249 1823448872  1 
633       249 1823448872  1 
634       249 1823448872  1 
635       249 1823448872  1 
636       249 1823448872  1 
637       249 1823448872  1 
638       249 1823448872  1 
639       249 1823448872  1 
640       249 1823448872  1 
641       249 1823448872  1 
642       249 1823448872  1 
643       249 1823448872  1 
644       249 1823448872  1 
645       249 1823448872  1 
646       249 1823448872  1 
647       249 1823448872  1 
648       249 1823448872  1 
649       249 1823448872  1 
650       249 1823448872  1 
651       249 1823448872  1 
652       249 1823448872  1 
653       249 1823448872  1 
654       249 1823448872  1 
655       249 1823448872  1 
656       249 1823448872  1 
657       249 1823448872  1 
658       249 1823448872  1 
659       249 1823448872  1 
660       249 1823448872  1 
661       249 1823448872  1 
662       249 1823448872  1 
663       249 1823448872  1 
664       249 1823448872  1 
665       249 1823448872  1 
666       249 1823448872  1 
667       249 1823448872  1 
668       249 1823448872  1 
669       249 1823448872  1 
670       249 1823448872  1 
671       249 1823448872  1 
672       249 1823448872  1 
673       249 1823448872  1 
674       249 1823448872  1 
675       249 1823448872  1 
676       249 1823448872  1 
677       249 1823448872  1 
678       249 1823448872  1 
679       249 1823448872  1 
680       249 1823448872  1 
681       249 1823448872  1 
682       249 1823448872  1 
683       249 1823448872  1 
684       249 1823448872  1 
685       249 1823448872  1 
686       249 1823448872  1 
687       249 1823448872  1 
688       249 1823448872  1 
689       249 1823448872  1 
690       249 1823448872  1 
691       249 1823448872  1 
692       249 1823448872  1 
693       249 1823448872  1 
694       249 1823448872  1 
695       249 1823448872  1 
696       249 1823448872  1 
697       249 1823448872  1 
698       249 1823448872  1 
699       249 1823448872  1 
700       249 1823448872  1 
701       249 1823448872  1 
702       249 1823448872  1 
703       249 1823448872  1 
704       249 1823448872  1 
705       249 1823448872  1 
706       249 1823448872  1 
707       249 1823448872  1 
708       249 1823448872  1 
709       249 1823448872  1 
710       249 1823448872  1 
711       249 1823448872  1 
712       249 1823448872  1 
713       249 1823448872  1 
714       249 1823448872  1 
715       249 1823448872  1 
716       249 1823448872  1 
717       249 1823448872  1 
718       249 1823448872  1 
719       249 1823448872  1 
720       249 1823448872  1 
721       249 1823448872  1 
722       249 1823448872  1 
723       249 1823448872  1 
724       249 1823448872  1 
725       249 1823448872  1 
726       249 1823448872  1 
727       249 1823448872  1 
728       249 1823448872  1 
729       249 1823448872  1 
730       249 1823448872  1 
731       249 1823448872  1 
732       249 1823448872  1 
733       249 1823448872  1 
734       249 1823448872  1 
735       249 1823448872  1 
736       249 1823448872  1 
737       249 1823448872  1 
738       249 1823448872  1 
739       249 1823448872  1 
740       249 1823448872  1 
741       249 1823448872  1 
742       249 1823448872  1 
743       249 1823448872  1 
744       249 1823448872  1 
745       249 1823448872  1 
746       249 1823448872  1 
747       249 1823448872  1 
748       249 1823448872  1 
749       249 1823448872  1 
750       249 1823448872  1 
751       249 1823448872  1 
752       249 1823448872  1 
753       249 1823448872  1 
754       249 1823448872  1 
755       249 1823448872  1 
756       249 1823448872  1 
757       249 1823448872  1 
758       249 1823448872  1 
759       249 1823448872  1 
760       249 1823448872  1 
761       249 1823448872  1 
762       249 1823448872  1 
763       249 1823448872  1 
764       249 1823448872  1 
765       249 1823448872  1 
766       249 1823448872  1 
767       249 1823448872  1 
768       249 1823448872  1 
769       249 1823448872  1 
770       249 1823448872  1 
771       249 1823448872  1 
772       249 1823448872  1 
773       249 1823448872  1 
774       249 1823448872  1 
775       249 1823448872  1 
776       249 1823448872  1 
777       249 1823448872  1 
778       249 1823448872  1 
779       249 1823448872  1 
780       249 1823448872  1 
781       249 1823448872  1 
782       249 1823448872  1 
783       249 1823448872  1 
784       249 1823448872  1 
785       249 1823448872  1 
786       249 1823448872  1 
787       249 1823448872  1 
788       249 1823448872  1 
789       249 1823448872  1 
790       249 1823448872  1 
791       249 1823448872  1 
792       249 1823448872  1 
793       249 1823448872  1 
794       249 1823448872  1 
795       249 1823448872  1 
796       249 1823448872  1 
797       249 1823448872  1 
798       249 1823448872  1 
799       249 1823448872  1 
800       249 1823448872  1 
801       249 1823448872  1 
802       249 1823448872  1 
803       249 1823448872  1 
804       249 1823448872  1 
805       249 1823448872  1 
806       249 1823448872  1 
807       249 1823448872  1 
808       249 1823448872  1 
809       249 1823448872  1 
810       249 1823448872  1 
811       249 1823448872  1 
812       249 1823448872  1 
813       249 1823448872  1 
814       249 1823448872  1 
815       249 1823448872  1 
816       249 1823448872  1 
817       249 1823448872  1 
818       249 1823448872  1 
819       249 1823448872  1 
820       249 1823448872  1 
821       249 1823448872  1 
822       249 1823448872  1 
823       249 1823448872  1 
824       249 1823448872  1 
825       249 1823448872  1 
826       249 1823448872  1 
827       249 1823448872  1 
828       249 1823448872  1 
829       249 1823448872  1 
830       249 1823448872  1 
831       249 1823448872  1 
832       249 1823448872  1 
833       249 1823448872  1 
834       249 1823448872  1 
835       249 1823448872  1 
836       249 1823448872  1 
837       249 1823448872  1 
838       249 1823448872  1 
839       249 1823448872  1 
840       249 1823448872  1 
841       249 1823448872  1 
842       249 1823448872  1 
843       249 1823448872  1 
844       249 1823448872  1 
845       249 1823448872  1 
846       249 1823448872  1 
847       249 1823448872  1 
848       249 1823448872  1 
849       249 1823448872  1 
850       249 1823448872  1 
851       249 1823448872  1 
852       249 1823448872  1 
853       249 1823448872  1 
854       249 1823448872  1 
855       249 1823448872  1 
856       249 1823448872  1 
857       249 1823448872  1 
858       249 1823448872  1 
859       249 1823448872  1 
860       249 1823448872  1 
861       249 1823448872  1 
862       249 1823448872  1 
863       249 1823448872  1 
864       249 1823448872  1 
865       249 1823448872  1 
866       249 1823448872  1 
867       249 1823448872  1 
868       249 1823448872  1 
869       249 1823448872  1 
870       249 1823448872  1 
871       249 1823448872  1 
872       249 1823448872  1 
873       249 1823448872  1 
874       249 1823448872  1 
875       249 1823448872  1 
876       249 1823448872  1 
877       249 1823448872  1 
878       249 1823448872  1 
879       249 1823448872  1 
880       249 1823448872  1 
881       249 1823448872  1 
882       249 1823448872  1 
883       249 1823448872  1 
884       249 1823448872  1 
885       249 1823448872  1 
886       249 1823448872  1 
887       249 1823448872  1 
888       249 1823448872  1 
889       249 1823448872  1 
890       249 1823448872  1 
891       249 1823448872  1 
892       249 1823448872  1 
893       249 1823448872  1 
894       249 1823448872  1 
895       249 1823448872  1 
