Signal Legend:

Key        Signal Name

0        = sbox_out
1        = values_out
2        = test_out

Data Table:

Signals-> 0   1        2 

sample

-128      0   0        0 
-127      0   0        0 
-126      0   0        0 
-125      0   0        0 
-124      0   0        0 
-123      0   0        0 
-122      0   0        0 
-121      0   0        0 
-120      0   0        0 
-119      0   0        0 
-118      0   0        0 
-117      0   0        0 
-116      0   0        0 
-115      0   0        0 
-114      0   0        0 
-113      0   0        0 
-112      0   0        0 
-111      0   0        0 
-110      0   0        0 
-109      0   0        0 
-108      0   0        0 
-107      0   0        0 
-106      0   0        0 
-105      0   0        0 
-104      0   0        0 
-103      0   0        0 
-102      0   0        0 
-101      0   0        0 
-100      0   0        0 
-99       0   0        0 
-98       0   0        0 
-97       0   0        0 
-96       0   0        0 
-95       0   0        0 
-94       0   0        0 
-93       0   0        0 
-92       0   0        0 
-91       0   0        0 
-90       0   0        0 
-89       0   0        0 
-88       0   0        0 
-87       0   0        0 
-86       0   0        0 
-85       0   0        0 
-84       0   0        0 
-83       0   0        0 
-82       0   0        0 
-81       0   0        0 
-80       0   0        0 
-79       0   0        0 
-78       0   0        0 
-77       0   0        0 
-76       0   0        0 
-75       0   0        0 
-74       0   0        0 
-73       0   0        0 
-72       0   0        0 
-71       0   0        0 
-70       0   0        0 
-69       0   0        0 
-68       0   0        0 
-67       0   0        0 
-66       0   0        0 
-65       0   0        0 
-64       0   0        0 
-63       0   0        0 
-62       0   0        0 
-61       0   0        0 
-60       0   0        0 
-59       0   0        0 
-58       0   0        0 
-57       0   0        0 
-56       0   0        0 
-55       0   0        0 
-54       0   0        0 
-53       0   0        0 
-52       0   0        0 
-51       0   0        0 
-50       0   0        0 
-49       0   0        0 
-48       0   0        0 
-47       0   0        0 
-46       0   0        0 
-45       0   0        0 
-44       0   0        0 
-43       0   0        0 
-42       0   0        0 
-41       0   0        0 
-40       0   0        0 
-39       0   0        0 
-38       0   0        0 
-37       0   0        0 
-36       0   0        0 
-35       0   0        0 
-34       0   0        0 
-33       0   0        0 
-32       0   0        0 
-31       0   0        0 
-30       0   0        0 
-29       0   0        0 
-28       0   0        0 
-27       0   0        0 
-26       0   0        0 
-25       0   0        0 
-24       0   0        0 
-23       0   0        0 
-22       0   0        0 
-21       0   0        0 
-20       0   0        0 
-19       0   0        0 
-18       0   0        0 
-17       0   0        0 
-16       0   0        0 
-15       0   0        0 
-14       0   0        0 
-13       0   0        0 
-12       0   0        0 
-11       0   0        0 
-10       0   0        0 
-9        0   0        0 
-8        0   0        0 
-7        0   0        0 
-6        0   0        0 
-5        0   0        0 
-4        0   0        0 
-3        0   0        0 
-2        0   0        0 
-1        0   0        0 
0         76  -8107203 1 
1         75  -7389051 1 
2         73  -7232683 1 
3         77  -6684976 1 
4         72  -6202083 1 
5         92  -6085658 1 
6         74  -5653949 1 
7         97  -5179267 1 
8         98  -4863667 1 
9         95  -4740969 1 
10        96  -4703245 1 
11        185 -4671961 1 
12        94  -4479101 1 
13        91  -4381850 1 
14        93  -4218377 1 
15        183 -4191612 1 
16        100 -3913456 1 
17        99  -3694268 1 
18        184 -3634621 1 
19        188 -3046063 1 
20        186 -2685364 1 
21        45  -2643349 1 
22        46  -2528980 1 
23        43  -1913514 1 
24        47  -1907695 1 
25        189 -1648236 1 
26        50  -1573420 1 
27        191 -1414203 1 
28        190 -1334030 1 
29        192 -1262331 1 
30        44  -1250958 1 
31        48  -1186640 1 
32        187 -935620  1 
33        49  -774765  1 
34        0   0        1 
35        1   0        1 
36        138 83774    1 
37        177 119807   1 
38        126 141287   1 
39        3   145301   1 
40        63  147800   1 
41        58  183151   1 
42        32  199532   1 
43        171 208610   1 
44        18  249930   1 
45        205 263529   1 
46        26  348377   1 
47        59  483671   1 
48        42  546762   1 
49        57  566387   1 
50        150 590471   1 
51        220 600474   1 
52        212 651471   1 
53        7   731858   1 
54        170 736620   1 
55        128 781334   1 
56        55  781596   1 
57        9   799787   1 
58        19  819146   1 
59        217 833974   1 
60        2   854583   1 
61        8   868439   1 
62        27  875019   1 
63        4   875282   1 
64        6   894902   1 
65        193 907944   1 
66        127 921759   1 
67        56  957170   1 
68        5   977727   1 
69        213 989162   1 
70        179 1018839  1 
71        37  1033756  1 
72        194 1048421  1 
73        224 1085231  1 
74        197 1104348  1 
75        195 1133296  1 
76        145 1153646  1 
77        165 1171280  1 
78        182 1245374  1 
79        53  1255358  1 
80        10  1271540  1 
81        199 1319885  1 
82        234 1325339  1 
83        157 1338854  1 
84        229 1356610  1 
85        154 1374415  1 
86        216 1375335  1 
87        196 1381432  1 
88        65  1393147  1 
89        149 1461592  1 
90        54  1476789  1 
91        62  1629975  1 
92        231 1630032  1 
93        13  1649678  1 
94        160 1677279  1 
95        221 1697818  1 
96        237 1701516  1 
97        173 1735226  1 
98        64  1750640  1 
99        12  1757626  1 
100       200 1772003  1 
101       198 1775775  1 
102       11  1795659  1 
103       51  1858187  1 
104       31  1893020  1 
105       52  2070755  1 
106       140 2117530  1 
107       207 2148018  1 
108       111 2157708  1 
109       113 2161807  1 
110       201 2175285  1 
111       112 2207892  1 
112       110 2236508  1 
113       109 2247529  1 
114       222 2262589  1 
115       14  2295315  1 
116       133 2349446  1 
117       61  2395730  1 
118       152 2399813  1 
119       123 2448434  1 
120       132 2564127  1 
121       181 2591323  1 
122       235 2692080  1 
123       16  2828184  1 
124       21  2924724  1 
125       115 2934237  1 
126       41  2941520  1 
127       148 2983549  1 
128       134 3039273  1 
129       30  3043686  1 
130       238 3060799  1 
131       175 3072031  1 
132       116 3080249  1 
133       158 3100120  1 
134       155 3110825  1 
135       114 3114512  1 
136       60  3134943  1 
137       232 3144608  1 
138       105 3147000  1 
139       118 3154249  1 
140       144 3154552  1 
141       203 3162619  1 
142       104 3221809  1 
143       135 3226914  1 
144       106 3238863  1 
145       228 3266859  1 
146       119 3287761  1 
147       121 3303218  1 
148       120 3306260  1 
149       117 3315281  1 
150       103 3331661  1 
151       39  3370789  1 
152       204 3441619  1 
153       141 3451609  1 
154       252 3489301  1 
155       202 3519377  1 
156       136 3585185  1 
157       215 3621923  1 
158       211 3654687  1 
159       35  3751206  1 
160       208 3753349  1 
161       25  3770682  1 
162       15  3775175  1 
163       164 3780641  1 
164       122 3814643  1 
165       124 3933560  1 
166       137 3976798  1 
167       108 4042037  1 
168       107 4044371  1 
169       101 4051618  1 
170       17  4063445  1 
171       102 4097956  1 
172       125 4146013  1 
173       67  4242402  1 
174       87  4273279  1 
175       168 4419421  1 
176       159 4446561  1 
177       178 4474793  1 
178       90  4581869  1 
179       88  4624982  1 
180       70  4692327  1 
181       151 4748695  1 
182       245 4768532  1 
183       89  4843309  1 
184       241 4877846  1 
185       249 4992357  1 
186       223 5001006  1 
187       169 5004466  1 
188       22  5072153  1 
189       28  5119257  1 
190       255 5162744  1 
191       131 5217329  1 
192       163 5227245  1 
193       147 5337151  1 
194       240 5337186  1 
195       253 5373300  1 
196       244 5393801  1 
197       71  5467624  1 
198       206 5484809  1 
199       227 5552216  1 
200       176 5561440  1 
201       214 5667542  1 
202       225 5700933  1 
203       172 5757899  1 
204       34  5761875  1 
205       20  5776496  1 
206       161 5826081  1 
207       174 5832351  1 
208       83  5850269  1 
209       85  5877402  1 
210       219 5916582  1 
211       66  6094209  1 
212       248 6102723  1 
213       84  6109853  1 
214       166 6126234  1 
215       86  6153120  1 
216       29  6239989  1 
217       226 6300472  1 
218       180 6303719  1 
219       78  6408135  1 
220       239 6567033  1 
221       79  6637408  1 
222       162 6644842  1 
223       33  6718037  1 
224       80  6719025  1 
225       230 6768134  1 
226       68  6869941  1 
227       69  6968504  1 
228       246 6968893  1 
229       167 7007486  1 
230       38  7032431  1 
231       254 7079260  1 
232       139 7110451  1 
233       247 7313419  1 
234       250 7315664  1 
235       24  7398122  1 
236       36  7418823  1 
237       209 7521499  1 
238       236 7529860  1 
239       153 7633027  1 
240       233 7675421  1 
241       146 7681244  1 
242       142 7704179  1 
243       23  7721853  1 
244       143 7737450  1 
245       210 7764605  1 
246       40  7862434  1 
247       81  7936713  1 
248       129 7961978  1 
249       242 7983246  1 
250       243 7986632  1 
251       218 8191456  1 
252       130 8246670  1 
253       156 8282955  1 
254       82  8329163  1 
255       251 8365142  1 
256       251 8365142  1 
257       251 8365142  1 
258       251 8365142  1 
259       251 8365142  1 
260       251 8365142  1 
261       251 8365142  1 
262       251 8365142  1 
263       251 8365142  1 
264       251 8365142  1 
265       251 8365142  1 
266       251 8365142  1 
267       251 8365142  1 
268       251 8365142  1 
269       251 8365142  1 
270       251 8365142  1 
271       251 8365142  1 
272       251 8365142  1 
273       251 8365142  1 
274       251 8365142  1 
275       251 8365142  1 
276       251 8365142  1 
277       251 8365142  1 
278       251 8365142  1 
279       251 8365142  1 
280       251 8365142  1 
281       251 8365142  1 
282       251 8365142  1 
283       251 8365142  1 
284       251 8365142  1 
285       251 8365142  1 
286       251 8365142  1 
287       251 8365142  1 
288       251 8365142  1 
289       251 8365142  1 
290       251 8365142  1 
291       251 8365142  1 
292       251 8365142  1 
293       251 8365142  1 
294       251 8365142  1 
295       251 8365142  1 
296       251 8365142  1 
297       251 8365142  1 
298       251 8365142  1 
299       251 8365142  1 
300       251 8365142  1 
301       251 8365142  1 
302       251 8365142  1 
303       251 8365142  1 
304       251 8365142  1 
305       251 8365142  1 
306       251 8365142  1 
307       251 8365142  1 
308       251 8365142  1 
309       251 8365142  1 
310       251 8365142  1 
311       251 8365142  1 
312       251 8365142  1 
313       251 8365142  1 
314       251 8365142  1 
315       251 8365142  1 
316       251 8365142  1 
317       251 8365142  1 
318       251 8365142  1 
319       251 8365142  1 
320       251 8365142  1 
321       251 8365142  1 
322       251 8365142  1 
323       251 8365142  1 
324       251 8365142  1 
325       251 8365142  1 
326       251 8365142  1 
327       251 8365142  1 
328       251 8365142  1 
329       251 8365142  1 
330       251 8365142  1 
331       251 8365142  1 
332       251 8365142  1 
333       251 8365142  1 
334       251 8365142  1 
335       251 8365142  1 
336       251 8365142  1 
337       251 8365142  1 
338       251 8365142  1 
339       251 8365142  1 
340       251 8365142  1 
341       251 8365142  1 
342       251 8365142  1 
343       251 8365142  1 
344       251 8365142  1 
345       251 8365142  1 
346       251 8365142  1 
347       251 8365142  1 
348       251 8365142  1 
349       251 8365142  1 
350       251 8365142  1 
351       251 8365142  1 
352       251 8365142  1 
353       251 8365142  1 
354       251 8365142  1 
355       251 8365142  1 
356       251 8365142  1 
357       251 8365142  1 
358       251 8365142  1 
359       251 8365142  1 
360       251 8365142  1 
361       251 8365142  1 
362       251 8365142  1 
363       251 8365142  1 
364       251 8365142  1 
365       251 8365142  1 
366       251 8365142  1 
367       251 8365142  1 
368       251 8365142  1 
369       251 8365142  1 
370       251 8365142  1 
371       251 8365142  1 
372       251 8365142  1 
373       251 8365142  1 
374       251 8365142  1 
375       251 8365142  1 
376       251 8365142  1 
377       251 8365142  1 
378       251 8365142  1 
379       251 8365142  1 
380       251 8365142  1 
381       251 8365142  1 
382       251 8365142  1 
383       251 8365142  1 
384       251 8365142  1 
385       251 8365142  1 
386       251 8365142  1 
387       251 8365142  1 
388       251 8365142  1 
389       251 8365142  1 
390       251 8365142  1 
391       251 8365142  1 
392       251 8365142  1 
393       251 8365142  1 
394       251 8365142  1 
395       251 8365142  1 
396       251 8365142  1 
397       251 8365142  1 
398       251 8365142  1 
399       251 8365142  1 
400       251 8365142  1 
401       251 8365142  1 
402       251 8365142  1 
403       251 8365142  1 
404       251 8365142  1 
405       251 8365142  1 
406       251 8365142  1 
407       251 8365142  1 
408       251 8365142  1 
409       251 8365142  1 
410       251 8365142  1 
411       251 8365142  1 
412       251 8365142  1 
413       251 8365142  1 
414       251 8365142  1 
415       251 8365142  1 
416       251 8365142  1 
417       251 8365142  1 
418       251 8365142  1 
419       251 8365142  1 
420       251 8365142  1 
421       251 8365142  1 
422       251 8365142  1 
423       251 8365142  1 
424       251 8365142  1 
425       251 8365142  1 
426       251 8365142  1 
427       251 8365142  1 
428       251 8365142  1 
429       251 8365142  1 
430       251 8365142  1 
431       251 8365142  1 
432       251 8365142  1 
433       251 8365142  1 
434       251 8365142  1 
435       251 8365142  1 
436       251 8365142  1 
437       251 8365142  1 
438       251 8365142  1 
439       251 8365142  1 
440       251 8365142  1 
441       251 8365142  1 
442       251 8365142  1 
443       251 8365142  1 
444       251 8365142  1 
445       251 8365142  1 
446       251 8365142  1 
447       251 8365142  1 
448       251 8365142  1 
449       251 8365142  1 
450       251 8365142  1 
451       251 8365142  1 
452       251 8365142  1 
453       251 8365142  1 
454       251 8365142  1 
455       251 8365142  1 
456       251 8365142  1 
457       251 8365142  1 
458       251 8365142  1 
459       251 8365142  1 
460       251 8365142  1 
461       251 8365142  1 
462       251 8365142  1 
463       251 8365142  1 
464       251 8365142  1 
465       251 8365142  1 
466       251 8365142  1 
467       251 8365142  1 
468       251 8365142  1 
469       251 8365142  1 
470       251 8365142  1 
471       251 8365142  1 
472       251 8365142  1 
473       251 8365142  1 
474       251 8365142  1 
475       251 8365142  1 
476       251 8365142  1 
477       251 8365142  1 
478       251 8365142  1 
479       251 8365142  1 
480       251 8365142  1 
481       251 8365142  1 
482       251 8365142  1 
483       251 8365142  1 
484       251 8365142  1 
485       251 8365142  1 
486       251 8365142  1 
487       251 8365142  1 
488       251 8365142  1 
489       251 8365142  1 
490       251 8365142  1 
491       251 8365142  1 
492       251 8365142  1 
493       251 8365142  1 
494       251 8365142  1 
495       251 8365142  1 
496       251 8365142  1 
497       251 8365142  1 
498       251 8365142  1 
499       251 8365142  1 
500       251 8365142  1 
501       251 8365142  1 
502       251 8365142  1 
503       251 8365142  1 
504       251 8365142  1 
505       251 8365142  1 
506       251 8365142  1 
507       251 8365142  1 
508       251 8365142  1 
509       251 8365142  1 
510       251 8365142  1 
511       251 8365142  1 
512       251 8365142  1 
513       251 8365142  1 
514       251 8365142  1 
515       251 8365142  1 
516       251 8365142  1 
517       251 8365142  1 
518       251 8365142  1 
519       251 8365142  1 
520       251 8365142  1 
521       251 8365142  1 
522       251 8365142  1 
523       251 8365142  1 
524       251 8365142  1 
525       251 8365142  1 
526       251 8365142  1 
527       251 8365142  1 
528       251 8365142  1 
529       251 8365142  1 
530       251 8365142  1 
531       251 8365142  1 
532       251 8365142  1 
533       251 8365142  1 
534       251 8365142  1 
535       251 8365142  1 
536       251 8365142  1 
537       251 8365142  1 
538       251 8365142  1 
539       251 8365142  1 
540       251 8365142  1 
541       251 8365142  1 
542       251 8365142  1 
543       251 8365142  1 
544       251 8365142  1 
545       251 8365142  1 
546       251 8365142  1 
547       251 8365142  1 
548       251 8365142  1 
549       251 8365142  1 
550       251 8365142  1 
551       251 8365142  1 
552       251 8365142  1 
553       251 8365142  1 
554       251 8365142  1 
555       251 8365142  1 
556       251 8365142  1 
557       251 8365142  1 
558       251 8365142  1 
559       251 8365142  1 
560       251 8365142  1 
561       251 8365142  1 
562       251 8365142  1 
563       251 8365142  1 
564       251 8365142  1 
565       251 8365142  1 
566       251 8365142  1 
567       251 8365142  1 
568       251 8365142  1 
569       251 8365142  1 
570       251 8365142  1 
571       251 8365142  1 
572       251 8365142  1 
573       251 8365142  1 
574       251 8365142  1 
575       251 8365142  1 
576       251 8365142  1 
577       251 8365142  1 
578       251 8365142  1 
579       251 8365142  1 
580       251 8365142  1 
581       251 8365142  1 
582       251 8365142  1 
583       251 8365142  1 
584       251 8365142  1 
585       251 8365142  1 
586       251 8365142  1 
587       251 8365142  1 
588       251 8365142  1 
589       251 8365142  1 
590       251 8365142  1 
591       251 8365142  1 
592       251 8365142  1 
593       251 8365142  1 
594       251 8365142  1 
595       251 8365142  1 
596       251 8365142  1 
597       251 8365142  1 
598       251 8365142  1 
599       251 8365142  1 
600       251 8365142  1 
601       251 8365142  1 
602       251 8365142  1 
603       251 8365142  1 
604       251 8365142  1 
605       251 8365142  1 
606       251 8365142  1 
607       251 8365142  1 
608       251 8365142  1 
609       251 8365142  1 
610       251 8365142  1 
611       251 8365142  1 
612       251 8365142  1 
613       251 8365142  1 
614       251 8365142  1 
615       251 8365142  1 
616       251 8365142  1 
617       251 8365142  1 
618       251 8365142  1 
619       251 8365142  1 
620       251 8365142  1 
621       251 8365142  1 
622       251 8365142  1 
623       251 8365142  1 
624       251 8365142  1 
625       251 8365142  1 
626       251 8365142  1 
627       251 8365142  1 
628       251 8365142  1 
629       251 8365142  1 
630       251 8365142  1 
631       251 8365142  1 
632       251 8365142  1 
633       251 8365142  1 
634       251 8365142  1 
635       251 8365142  1 
636       251 8365142  1 
637       251 8365142  1 
638       251 8365142  1 
639       251 8365142  1 
640       251 8365142  1 
641       251 8365142  1 
642       251 8365142  1 
643       251 8365142  1 
644       251 8365142  1 
645       251 8365142  1 
646       251 8365142  1 
647       251 8365142  1 
648       251 8365142  1 
649       251 8365142  1 
650       251 8365142  1 
651       251 8365142  1 
652       251 8365142  1 
653       251 8365142  1 
654       251 8365142  1 
655       251 8365142  1 
656       251 8365142  1 
657       251 8365142  1 
658       251 8365142  1 
659       251 8365142  1 
660       251 8365142  1 
661       251 8365142  1 
662       251 8365142  1 
663       251 8365142  1 
664       251 8365142  1 
665       251 8365142  1 
666       251 8365142  1 
667       251 8365142  1 
668       251 8365142  1 
669       251 8365142  1 
670       251 8365142  1 
671       251 8365142  1 
672       251 8365142  1 
673       251 8365142  1 
674       251 8365142  1 
675       251 8365142  1 
676       251 8365142  1 
677       251 8365142  1 
678       251 8365142  1 
679       251 8365142  1 
680       251 8365142  1 
681       251 8365142  1 
682       251 8365142  1 
683       251 8365142  1 
684       251 8365142  1 
685       251 8365142  1 
686       251 8365142  1 
687       251 8365142  1 
688       251 8365142  1 
689       251 8365142  1 
690       251 8365142  1 
691       251 8365142  1 
692       251 8365142  1 
693       251 8365142  1 
694       251 8365142  1 
695       251 8365142  1 
696       251 8365142  1 
697       251 8365142  1 
698       251 8365142  1 
699       251 8365142  1 
700       251 8365142  1 
701       251 8365142  1 
702       251 8365142  1 
703       251 8365142  1 
704       251 8365142  1 
705       251 8365142  1 
706       251 8365142  1 
707       251 8365142  1 
708       251 8365142  1 
709       251 8365142  1 
710       251 8365142  1 
711       251 8365142  1 
712       251 8365142  1 
713       251 8365142  1 
714       251 8365142  1 
715       251 8365142  1 
716       251 8365142  1 
717       251 8365142  1 
718       251 8365142  1 
719       251 8365142  1 
720       251 8365142  1 
721       251 8365142  1 
722       251 8365142  1 
723       251 8365142  1 
724       251 8365142  1 
725       251 8365142  1 
726       251 8365142  1 
727       251 8365142  1 
728       251 8365142  1 
729       251 8365142  1 
730       251 8365142  1 
731       251 8365142  1 
732       251 8365142  1 
733       251 8365142  1 
734       251 8365142  1 
735       251 8365142  1 
736       251 8365142  1 
737       251 8365142  1 
738       251 8365142  1 
739       251 8365142  1 
740       251 8365142  1 
741       251 8365142  1 
742       251 8365142  1 
743       251 8365142  1 
744       251 8365142  1 
745       251 8365142  1 
746       251 8365142  1 
747       251 8365142  1 
748       251 8365142  1 
749       251 8365142  1 
750       251 8365142  1 
751       251 8365142  1 
752       251 8365142  1 
753       251 8365142  1 
754       251 8365142  1 
755       251 8365142  1 
756       251 8365142  1 
757       251 8365142  1 
758       251 8365142  1 
759       251 8365142  1 
760       251 8365142  1 
761       251 8365142  1 
762       251 8365142  1 
763       251 8365142  1 
764       251 8365142  1 
765       251 8365142  1 
766       251 8365142  1 
767       251 8365142  1 
768       251 8365142  1 
769       251 8365142  1 
770       251 8365142  1 
771       251 8365142  1 
772       251 8365142  1 
773       251 8365142  1 
774       251 8365142  1 
775       251 8365142  1 
776       251 8365142  1 
777       251 8365142  1 
778       251 8365142  1 
779       251 8365142  1 
780       251 8365142  1 
781       251 8365142  1 
782       251 8365142  1 
783       251 8365142  1 
784       251 8365142  1 
785       251 8365142  1 
786       251 8365142  1 
787       251 8365142  1 
788       251 8365142  1 
789       251 8365142  1 
790       251 8365142  1 
791       251 8365142  1 
792       251 8365142  1 
793       251 8365142  1 
794       251 8365142  1 
795       251 8365142  1 
796       251 8365142  1 
797       251 8365142  1 
798       251 8365142  1 
799       251 8365142  1 
800       251 8365142  1 
801       251 8365142  1 
802       251 8365142  1 
803       251 8365142  1 
804       251 8365142  1 
805       251 8365142  1 
806       251 8365142  1 
807       251 8365142  1 
808       251 8365142  1 
809       251 8365142  1 
810       251 8365142  1 
811       251 8365142  1 
812       251 8365142  1 
813       251 8365142  1 
814       251 8365142  1 
815       251 8365142  1 
816       251 8365142  1 
817       251 8365142  1 
818       251 8365142  1 
819       251 8365142  1 
820       251 8365142  1 
821       251 8365142  1 
822       251 8365142  1 
823       251 8365142  1 
824       251 8365142  1 
825       251 8365142  1 
826       251 8365142  1 
827       251 8365142  1 
828       251 8365142  1 
829       251 8365142  1 
830       251 8365142  1 
831       251 8365142  1 
832       251 8365142  1 
833       251 8365142  1 
834       251 8365142  1 
835       251 8365142  1 
836       251 8365142  1 
837       251 8365142  1 
838       251 8365142  1 
839       251 8365142  1 
840       251 8365142  1 
841       251 8365142  1 
842       251 8365142  1 
843       251 8365142  1 
844       251 8365142  1 
845       251 8365142  1 
846       251 8365142  1 
847       251 8365142  1 
848       251 8365142  1 
849       251 8365142  1 
850       251 8365142  1 
851       251 8365142  1 
852       251 8365142  1 
853       251 8365142  1 
854       251 8365142  1 
855       251 8365142  1 
856       251 8365142  1 
857       251 8365142  1 
858       251 8365142  1 
859       251 8365142  1 
860       251 8365142  1 
861       251 8365142  1 
862       251 8365142  1 
863       251 8365142  1 
864       251 8365142  1 
865       251 8365142  1 
866       251 8365142  1 
867       251 8365142  1 
868       251 8365142  1 
869       251 8365142  1 
870       251 8365142  1 
871       251 8365142  1 
872       251 8365142  1 
873       251 8365142  1 
874       251 8365142  1 
875       251 8365142  1 
876       251 8365142  1 
877       251 8365142  1 
878       251 8365142  1 
879       251 8365142  1 
880       251 8365142  1 
881       251 8365142  1 
882       251 8365142  1 
883       251 8365142  1 
884       251 8365142  1 
885       251 8365142  1 
886       251 8365142  1 
887       251 8365142  1 
888       251 8365142  1 
889       251 8365142  1 
890       251 8365142  1 
891       251 8365142  1 
892       251 8365142  1 
893       251 8365142  1 
894       251 8365142  1 
895       251 8365142  1 
