Signal Legend:

Key        Signal Name

0        = sbox_out
1        = values_out
2        = test_out

Data Table:

Signals-> 0   1        2 

sample

-128      0   0        0 
-127      0   0        0 
-126      0   0        0 
-125      0   0        0 
-124      0   0        0 
-123      0   0        0 
-122      0   0        0 
-121      0   0        0 
-120      0   0        0 
-119      0   0        0 
-118      0   0        0 
-117      0   0        0 
-116      0   0        0 
-115      0   0        0 
-114      0   0        0 
-113      0   0        0 
-112      0   0        0 
-111      0   0        0 
-110      0   0        0 
-109      0   0        0 
-108      0   0        0 
-107      0   0        0 
-106      0   0        0 
-105      0   0        0 
-104      0   0        0 
-103      0   0        0 
-102      0   0        0 
-101      0   0        0 
-100      0   0        0 
-99       0   0        0 
-98       0   0        0 
-97       0   0        0 
-96       0   0        0 
-95       0   0        0 
-94       0   0        0 
-93       0   0        0 
-92       0   0        0 
-91       0   0        0 
-90       0   0        0 
-89       0   0        0 
-88       0   0        0 
-87       0   0        0 
-86       0   0        0 
-85       0   0        0 
-84       0   0        0 
-83       0   0        0 
-82       0   0        0 
-81       0   0        0 
-80       0   0        0 
-79       0   0        0 
-78       0   0        0 
-77       0   0        0 
-76       0   0        0 
-75       0   0        0 
-74       0   0        0 
-73       0   0        0 
-72       0   0        0 
-71       0   0        0 
-70       0   0        0 
-69       0   0        0 
-68       0   0        0 
-67       0   0        0 
-66       0   0        0 
-65       0   0        0 
-64       0   0        0 
-63       0   0        0 
-62       0   0        0 
-61       0   0        0 
-60       0   0        0 
-59       0   0        0 
-58       0   0        0 
-57       0   0        0 
-56       0   0        0 
-55       0   0        0 
-54       0   0        0 
-53       0   0        0 
-52       0   0        0 
-51       0   0        0 
-50       0   0        0 
-49       0   0        0 
-48       0   0        0 
-47       0   0        0 
-46       0   0        0 
-45       0   0        0 
-44       0   0        0 
-43       0   0        0 
-42       0   0        0 
-41       0   0        0 
-40       0   0        0 
-39       0   0        0 
-38       0   0        0 
-37       0   0        0 
-36       0   0        0 
-35       0   0        0 
-34       0   0        0 
-33       0   0        0 
-32       0   0        0 
-31       0   0        0 
-30       0   0        0 
-29       0   0        0 
-28       0   0        0 
-27       0   0        0 
-26       0   0        0 
-25       0   0        0 
-24       0   0        0 
-23       0   0        0 
-22       0   0        0 
-21       0   0        0 
-20       0   0        0 
-19       0   0        0 
-18       0   0        0 
-17       0   0        0 
-16       0   0        0 
-15       0   0        0 
-14       0   0        0 
-13       0   0        0 
-12       0   0        0 
-11       0   0        0 
-10       0   0        0 
-9        0   0        0 
-8        0   0        0 
-7        0   0        0 
-6        0   0        0 
-5        0   0        0 
-4        0   0        0 
-3        0   0        0 
-2        0   0        0 
-1        0   0        0 
0         14  -8289810 1 
1         17  -7732741 1 
2         18  -7578293 1 
3         16  -7117887 1 
4         15  -6998141 1 
5         19  -6993127 1 
6         212 -6241059 1 
7         34  -6228069 1 
8         213 -5574101 1 
9         85  -5515902 1 
10        210 -5477416 1 
11        214 -5425793 1 
12        13  -5334693 1 
13        89  -5242050 1 
14        209 -5236596 1 
15        90  -5222756 1 
16        87  -5215344 1 
17        84  -5101923 1 
18        88  -5060720 1 
19        86  -4947693 1 
20        208 -4925582 1 
21        211 -4897103 1 
22        207 -4840902 1 
23        83  -4746504 1 
24        38  -4689774 1 
25        40  -4543890 1 
26        37  -4540268 1 
27        36  -4504776 1 
28        35  -4338108 1 
29        39  -4301407 1 
30        129 -2716994 1 
31        196 37073    1 
32        43  4250608  1 
33        42  4466448  1 
34        41  4527840  1 
35        73  145148   1 
36        0   153744   1 
37        70  161835   1 
38        198 216676   1 
39        71  387264   1 
40        197 448174   1 
41        72  674000   1 
42        4   1274682  1 
43        1   1615342  1 
44        6   1620502  1 
45        5   1622085  1 
46        195 1627683  1 
47        2   1903417  1 
48        194 1970578  1 
49        69  2140316  1 
50        131 2273689  1 
51        61  2280105  1 
52        223 2284862  1 
53        132 2304031  1 
54        230 2321768  1 
55        231 2326682  1 
56        56  2379013  1 
57        186 2391525  1 
58        55  2413809  1 
59        54  2525022  1 
60        3   2560086  1 
61        68  2568984  1 
62        193 2581581  1 
63        177 2627989  1 
64        53  2638367  1 
65        173 2640273  1 
66        227 2653240  1 
67        228 2668963  1 
68        51  2679324  1 
69        183 2704173  1 
70        103 2730167  1 
71        182 2730752  1 
72        185 2749935  1 
73        229 2754662  1 
74        104 2762627  1 
75        180 2767302  1 
76        176 2773237  1 
77        50  2775443  1 
78        105 2776425  1 
79        130 2776673  1 
80        226 2784027  1 
81        133 2796109  1 
82        225 2797806  1 
83        181 2811512  1 
84        58  2821697  1 
85        57  2821914  1 
86        7   2828592  1 
87        178 2834025  1 
88        179 2873387  1 
89        224 2883806  1 
90        175 2889849  1 
91        216 2898135  1 
92        59  2986546  1 
93        134 3031533  1 
94        101 3034720  1 
95        52  3041447  1 
96        174 3045393  1 
97        106 3077880  1 
98        184 3082102  1 
99        102 3088815  1 
100       135 3090604  1 
101       60  3117395  1 
102       108 3126339  1 
103       107 3130149  1 
104       136 3145314  1 
105       112 3151103  1 
106       98  3159403  1 
107       111 3169396  1 
108       91  3169590  1 
109       137 3175002  1 
110       100 3199429  1 
111       141 3206818  1 
112       97  3211524  1 
113       109 3221884  1 
114       191 3231250  1 
115       138 3258039  1 
116       46  3264077  1 
117       255 3282231  1 
118       66  3283728  1 
119       169 3285434  1 
120       93  3287958  1 
121       92  3297068  1 
122       95  3297576  1 
123       96  3310300  1 
124       94  3316893  1 
125       145 3327276  1 
126       99  3329505  1 
127       114 3343344  1 
128       168 3363138  1 
129       192 3377072  1 
130       143 3383972  1 
131       219 3386625  1 
132       140 3400806  1 
133       45  3404696  1 
134       171 3476733  1 
135       144 3488228  1 
136       218 3529884  1 
137       170 3538393  1 
138       48  3558384  1 
139       139 3598804  1 
140       217 3602866  1 
141       113 3608804  1 
142       172 3613487  1 
143       164 3614074  1 
144       47  3615344  1 
145       49  3644310  1 
146       235 3707123  1 
147       64  3710589  1 
148       187 3806664  1 
149       165 3850906  1 
150       236 3859794  1 
151       237 3864420  1 
152       188 3882700  1 
153       189 3912995  1 
154       234 3946273  1 
155       62  3968469  1 
156       232 3969454  1 
157       65  3975921  1 
158       142 4008866  1 
159       67  4024366  1 
160       44  4025869  1 
161       166 4027439  1 
162       63  4039748  1 
163       220 4059269  1 
164       233 4063646  1 
165       110 4067036  1 
166       222 4105220  1 
167       190 4108637  1 
168       167 4154241  1 
169       221 4181208  1 
170       81  4256556  1 
171       32  4378889  1 
172       33  4360461  1 
173       251 4414261  1 
174       242 4422600  1 
175       240 4427770  1 
176       243 4439671  1 
177       250 4449572  1 
178       244 4468954  1 
179       239 4487333  1 
180       241 4492678  1 
181       238 4545546  1 
182       31  4574125  1 
183       206 4664964  1 
184       118 4679843  1 
185       149 4691026  1 
186       117 4704375  1 
187       151 4722781  1 
188       150 4742549  1 
189       163 4762676  1 
190       160 4792721  1 
191       119 4813195  1 
192       30  4839821  1 
193       162 4839887  1 
194       205 4843723  1 
195       159 4878720  1 
196       252 4907838  1 
197       152 4924762  1 
198       254 4927776  1 
199       148 4938734  1 
200       253 4972841  1 
201       82  5032707  1 
202       127 5046700  1 
203       147 5059753  1 
204       115 5096615  1 
205       80  5101050  1 
206       9   5116200  1 
207       120 5119666  1 
208       161 5133216  1 
209       116 5175712  1 
210       29  5192472  1 
211       128 5195164  1 
212       121 5215822  1 
213       146 5227215  1 
214       215 5259291  1 
215       77  5280601  1 
216       125 5290314  1 
217       204 5364909  1 
218       122 5368644  1 
219       124 5383218  1 
220       155 5460739  1 
221       153 5523754  1 
222       28  5537552  1 
223       123 5538921  1 
224       154 5552783  1 
225       79  5597546  1 
226       11  5668707  1 
227       156 5669123  1 
228       202 5699280  1 
229       246 5795256  1 
230       247 5871238  1 
231       27  5943444  1 
232       12  5947558  1 
233       25  5949759  1 
234       245 5973783  1 
235       8   5996408  1 
236       26  6045842  1 
237       249 6063704  1 
238       78  6076757  1 
239       157 6081257  1 
240       203 6086638  1 
241       248 6092680  1 
242       158 6109110  1 
243       126 6235693  1 
244       22  6462425  1 
245       21  6634990  1 
246       23  6756998  1 
247       20  6895843  1 
248       201 7109747  1 
249       10  7138800  1 
250       75  7359566  1 
251       76  7411727  1 
252       200 7504674  1 
253       74  8232508  1 
254       24  8296654  1 
255       199 8339154  1 
256       199 8339154  1 
257       199 8339154  1 
258       199 8339154  1 
259       199 8339154  1 
260       199 8339154  1 
261       199 8339154  1 
262       199 8339154  1 
263       199 8339154  1 
264       199 8339154  1 
265       199 8339154  1 
266       199 8339154  1 
267       199 8339154  1 
268       199 8339154  1 
269       199 8339154  1 
270       199 8339154  1 
271       199 8339154  1 
272       199 8339154  1 
273       199 8339154  1 
274       199 8339154  1 
275       199 8339154  1 
276       199 8339154  1 
277       199 8339154  1 
278       199 8339154  1 
279       199 8339154  1 
280       199 8339154  1 
281       199 8339154  1 
282       199 8339154  1 
283       199 8339154  1 
284       199 8339154  1 
285       199 8339154  1 
286       199 8339154  1 
287       199 8339154  1 
288       199 8339154  1 
289       199 8339154  1 
290       199 8339154  1 
291       199 8339154  1 
292       199 8339154  1 
293       199 8339154  1 
294       199 8339154  1 
295       199 8339154  1 
296       199 8339154  1 
297       199 8339154  1 
298       199 8339154  1 
299       199 8339154  1 
300       199 8339154  1 
301       199 8339154  1 
302       199 8339154  1 
303       199 8339154  1 
304       199 8339154  1 
305       199 8339154  1 
306       199 8339154  1 
307       199 8339154  1 
308       199 8339154  1 
309       199 8339154  1 
310       199 8339154  1 
311       199 8339154  1 
312       199 8339154  1 
313       199 8339154  1 
314       199 8339154  1 
315       199 8339154  1 
316       199 8339154  1 
317       199 8339154  1 
318       199 8339154  1 
319       199 8339154  1 
320       199 8339154  1 
321       199 8339154  1 
322       199 8339154  1 
323       199 8339154  1 
324       199 8339154  1 
325       199 8339154  1 
326       199 8339154  1 
327       199 8339154  1 
328       199 8339154  1 
329       199 8339154  1 
330       199 8339154  1 
331       199 8339154  1 
332       199 8339154  1 
333       199 8339154  1 
334       199 8339154  1 
335       199 8339154  1 
336       199 8339154  1 
337       199 8339154  1 
338       199 8339154  1 
339       199 8339154  1 
340       199 8339154  1 
341       199 8339154  1 
342       199 8339154  1 
343       199 8339154  1 
344       199 8339154  1 
345       199 8339154  1 
346       199 8339154  1 
347       199 8339154  1 
348       199 8339154  1 
349       199 8339154  1 
350       199 8339154  1 
351       199 8339154  1 
352       199 8339154  1 
353       199 8339154  1 
354       199 8339154  1 
355       199 8339154  1 
356       199 8339154  1 
357       199 8339154  1 
358       199 8339154  1 
359       199 8339154  1 
360       199 8339154  1 
361       199 8339154  1 
362       199 8339154  1 
363       199 8339154  1 
364       199 8339154  1 
365       199 8339154  1 
366       199 8339154  1 
367       199 8339154  1 
368       199 8339154  1 
369       199 8339154  1 
370       199 8339154  1 
371       199 8339154  1 
372       199 8339154  1 
373       199 8339154  1 
374       199 8339154  1 
375       199 8339154  1 
376       199 8339154  1 
377       199 8339154  1 
378       199 8339154  1 
379       199 8339154  1 
380       199 8339154  1 
381       199 8339154  1 
382       199 8339154  1 
383       199 8339154  1 
384       199 8339154  1 
385       199 8339154  1 
386       199 8339154  1 
387       199 8339154  1 
388       199 8339154  1 
389       199 8339154  1 
390       199 8339154  1 
391       199 8339154  1 
392       199 8339154  1 
393       199 8339154  1 
394       199 8339154  1 
395       199 8339154  1 
396       199 8339154  1 
397       199 8339154  1 
398       199 8339154  1 
399       199 8339154  1 
400       199 8339154  1 
401       199 8339154  1 
402       199 8339154  1 
403       199 8339154  1 
404       199 8339154  1 
405       199 8339154  1 
406       199 8339154  1 
407       199 8339154  1 
408       199 8339154  1 
409       199 8339154  1 
410       199 8339154  1 
411       199 8339154  1 
412       199 8339154  1 
413       199 8339154  1 
414       199 8339154  1 
415       199 8339154  1 
416       199 8339154  1 
417       199 8339154  1 
418       199 8339154  1 
419       199 8339154  1 
420       199 8339154  1 
421       199 8339154  1 
422       199 8339154  1 
423       199 8339154  1 
424       199 8339154  1 
425       199 8339154  1 
426       199 8339154  1 
427       199 8339154  1 
428       199 8339154  1 
429       199 8339154  1 
430       199 8339154  1 
431       199 8339154  1 
432       199 8339154  1 
433       199 8339154  1 
434       199 8339154  1 
435       199 8339154  1 
436       199 8339154  1 
437       199 8339154  1 
438       199 8339154  1 
439       199 8339154  1 
440       199 8339154  1 
441       199 8339154  1 
442       199 8339154  1 
443       199 8339154  1 
444       199 8339154  1 
445       199 8339154  1 
446       199 8339154  1 
447       199 8339154  1 
448       199 8339154  1 
449       199 8339154  1 
450       199 8339154  1 
451       199 8339154  1 
452       199 8339154  1 
453       199 8339154  1 
454       199 8339154  1 
455       199 8339154  1 
456       199 8339154  1 
457       199 8339154  1 
458       199 8339154  1 
459       199 8339154  1 
460       199 8339154  1 
461       199 8339154  1 
462       199 8339154  1 
463       199 8339154  1 
464       199 8339154  1 
465       199 8339154  1 
466       199 8339154  1 
467       199 8339154  1 
468       199 8339154  1 
469       199 8339154  1 
470       199 8339154  1 
471       199 8339154  1 
472       199 8339154  1 
473       199 8339154  1 
474       199 8339154  1 
475       199 8339154  1 
476       199 8339154  1 
477       199 8339154  1 
478       199 8339154  1 
479       199 8339154  1 
480       199 8339154  1 
481       199 8339154  1 
482       199 8339154  1 
483       199 8339154  1 
484       199 8339154  1 
485       199 8339154  1 
486       199 8339154  1 
487       199 8339154  1 
488       199 8339154  1 
489       199 8339154  1 
490       199 8339154  1 
491       199 8339154  1 
492       199 8339154  1 
493       199 8339154  1 
494       199 8339154  1 
495       199 8339154  1 
496       199 8339154  1 
497       199 8339154  1 
498       199 8339154  1 
499       199 8339154  1 
500       199 8339154  1 
501       199 8339154  1 
502       199 8339154  1 
503       199 8339154  1 
504       199 8339154  1 
505       199 8339154  1 
506       199 8339154  1 
507       199 8339154  1 
508       199 8339154  1 
509       199 8339154  1 
510       199 8339154  1 
511       199 8339154  1 
512       199 8339154  1 
513       199 8339154  1 
514       199 8339154  1 
515       199 8339154  1 
516       199 8339154  1 
517       199 8339154  1 
518       199 8339154  1 
519       199 8339154  1 
520       199 8339154  1 
521       199 8339154  1 
522       199 8339154  1 
523       199 8339154  1 
524       199 8339154  1 
525       199 8339154  1 
526       199 8339154  1 
527       199 8339154  1 
528       199 8339154  1 
529       199 8339154  1 
530       199 8339154  1 
531       199 8339154  1 
532       199 8339154  1 
533       199 8339154  1 
534       199 8339154  1 
535       199 8339154  1 
536       199 8339154  1 
537       199 8339154  1 
538       199 8339154  1 
539       199 8339154  1 
540       199 8339154  1 
541       199 8339154  1 
542       199 8339154  1 
543       199 8339154  1 
544       199 8339154  1 
545       199 8339154  1 
546       199 8339154  1 
547       199 8339154  1 
548       199 8339154  1 
549       199 8339154  1 
550       199 8339154  1 
551       199 8339154  1 
552       199 8339154  1 
553       199 8339154  1 
554       199 8339154  1 
555       199 8339154  1 
556       199 8339154  1 
557       199 8339154  1 
558       199 8339154  1 
559       199 8339154  1 
560       199 8339154  1 
561       199 8339154  1 
562       199 8339154  1 
563       199 8339154  1 
564       199 8339154  1 
565       199 8339154  1 
566       199 8339154  1 
567       199 8339154  1 
568       199 8339154  1 
569       199 8339154  1 
570       199 8339154  1 
571       199 8339154  1 
572       199 8339154  1 
573       199 8339154  1 
574       199 8339154  1 
575       199 8339154  1 
576       199 8339154  1 
577       199 8339154  1 
578       199 8339154  1 
579       199 8339154  1 
580       199 8339154  1 
581       199 8339154  1 
582       199 8339154  1 
583       199 8339154  1 
584       199 8339154  1 
585       199 8339154  1 
586       199 8339154  1 
587       199 8339154  1 
588       199 8339154  1 
589       199 8339154  1 
590       199 8339154  1 
591       199 8339154  1 
592       199 8339154  1 
593       199 8339154  1 
594       199 8339154  1 
595       199 8339154  1 
596       199 8339154  1 
597       199 8339154  1 
598       199 8339154  1 
599       199 8339154  1 
600       199 8339154  1 
601       199 8339154  1 
602       199 8339154  1 
603       199 8339154  1 
604       199 8339154  1 
605       199 8339154  1 
606       199 8339154  1 
607       199 8339154  1 
608       199 8339154  1 
609       199 8339154  1 
610       199 8339154  1 
611       199 8339154  1 
612       199 8339154  1 
613       199 8339154  1 
614       199 8339154  1 
615       199 8339154  1 
616       199 8339154  1 
617       199 8339154  1 
618       199 8339154  1 
619       199 8339154  1 
620       199 8339154  1 
621       199 8339154  1 
622       199 8339154  1 
623       199 8339154  1 
624       199 8339154  1 
625       199 8339154  1 
626       199 8339154  1 
627       199 8339154  1 
628       199 8339154  1 
629       199 8339154  1 
630       199 8339154  1 
631       199 8339154  1 
632       199 8339154  1 
633       199 8339154  1 
634       199 8339154  1 
635       199 8339154  1 
636       199 8339154  1 
637       199 8339154  1 
638       199 8339154  1 
639       199 8339154  1 
640       199 8339154  1 
641       199 8339154  1 
642       199 8339154  1 
643       199 8339154  1 
644       199 8339154  1 
645       199 8339154  1 
646       199 8339154  1 
647       199 8339154  1 
648       199 8339154  1 
649       199 8339154  1 
650       199 8339154  1 
651       199 8339154  1 
652       199 8339154  1 
653       199 8339154  1 
654       199 8339154  1 
655       199 8339154  1 
656       199 8339154  1 
657       199 8339154  1 
658       199 8339154  1 
659       199 8339154  1 
660       199 8339154  1 
661       199 8339154  1 
662       199 8339154  1 
663       199 8339154  1 
664       199 8339154  1 
665       199 8339154  1 
666       199 8339154  1 
667       199 8339154  1 
668       199 8339154  1 
669       199 8339154  1 
670       199 8339154  1 
671       199 8339154  1 
672       199 8339154  1 
673       199 8339154  1 
674       199 8339154  1 
675       199 8339154  1 
676       199 8339154  1 
677       199 8339154  1 
678       199 8339154  1 
679       199 8339154  1 
680       199 8339154  1 
681       199 8339154  1 
682       199 8339154  1 
683       199 8339154  1 
684       199 8339154  1 
685       199 8339154  1 
686       199 8339154  1 
687       199 8339154  1 
688       199 8339154  1 
689       199 8339154  1 
690       199 8339154  1 
691       199 8339154  1 
692       199 8339154  1 
693       199 8339154  1 
694       199 8339154  1 
695       199 8339154  1 
696       199 8339154  1 
697       199 8339154  1 
698       199 8339154  1 
699       199 8339154  1 
700       199 8339154  1 
701       199 8339154  1 
702       199 8339154  1 
703       199 8339154  1 
704       199 8339154  1 
705       199 8339154  1 
706       199 8339154  1 
707       199 8339154  1 
708       199 8339154  1 
709       199 8339154  1 
710       199 8339154  1 
711       199 8339154  1 
712       199 8339154  1 
713       199 8339154  1 
714       199 8339154  1 
715       199 8339154  1 
716       199 8339154  1 
717       199 8339154  1 
718       199 8339154  1 
719       199 8339154  1 
720       199 8339154  1 
721       199 8339154  1 
722       199 8339154  1 
723       199 8339154  1 
724       199 8339154  1 
725       199 8339154  1 
726       199 8339154  1 
727       199 8339154  1 
728       199 8339154  1 
729       199 8339154  1 
730       199 8339154  1 
731       199 8339154  1 
732       199 8339154  1 
733       199 8339154  1 
734       199 8339154  1 
735       199 8339154  1 
736       199 8339154  1 
737       199 8339154  1 
738       199 8339154  1 
739       199 8339154  1 
740       199 8339154  1 
741       199 8339154  1 
742       199 8339154  1 
743       199 8339154  1 
744       199 8339154  1 
745       199 8339154  1 
746       199 8339154  1 
747       199 8339154  1 
748       199 8339154  1 
749       199 8339154  1 
750       199 8339154  1 
751       199 8339154  1 
752       199 8339154  1 
753       199 8339154  1 
754       199 8339154  1 
755       199 8339154  1 
756       199 8339154  1 
757       199 8339154  1 
758       199 8339154  1 
759       199 8339154  1 
760       199 8339154  1 
761       199 8339154  1 
762       199 8339154  1 
763       199 8339154  1 
764       199 8339154  1 
765       199 8339154  1 
766       199 8339154  1 
767       199 8339154  1 
768       199 8339154  1 
769       199 8339154  1 
770       199 8339154  1 
771       199 8339154  1 
772       199 8339154  1 
773       199 8339154  1 
774       199 8339154  1 
775       199 8339154  1 
776       199 8339154  1 
777       199 8339154  1 
778       199 8339154  1 
779       199 8339154  1 
780       199 8339154  1 
781       199 8339154  1 
782       199 8339154  1 
783       199 8339154  1 
784       199 8339154  1 
785       199 8339154  1 
786       199 8339154  1 
787       199 8339154  1 
788       199 8339154  1 
789       199 8339154  1 
790       199 8339154  1 
791       199 8339154  1 
792       199 8339154  1 
793       199 8339154  1 
794       199 8339154  1 
795       199 8339154  1 
796       199 8339154  1 
797       199 8339154  1 
798       199 8339154  1 
799       199 8339154  1 
800       199 8339154  1 
801       199 8339154  1 
802       199 8339154  1 
803       199 8339154  1 
804       199 8339154  1 
805       199 8339154  1 
806       199 8339154  1 
807       199 8339154  1 
808       199 8339154  1 
809       199 8339154  1 
810       199 8339154  1 
811       199 8339154  1 
812       199 8339154  1 
813       199 8339154  1 
814       199 8339154  1 
815       199 8339154  1 
816       199 8339154  1 
817       199 8339154  1 
818       199 8339154  1 
819       199 8339154  1 
820       199 8339154  1 
821       199 8339154  1 
822       199 8339154  1 
823       199 8339154  1 
824       199 8339154  1 
825       199 8339154  1 
826       199 8339154  1 
827       199 8339154  1 
828       199 8339154  1 
829       199 8339154  1 
830       199 8339154  1 
831       199 8339154  1 
832       199 8339154  1 
833       199 8339154  1 
834       199 8339154  1 
835       199 8339154  1 
836       199 8339154  1 
837       199 8339154  1 
838       199 8339154  1 
839       199 8339154  1 
840       199 8339154  1 
841       199 8339154  1 
842       199 8339154  1 
843       199 8339154  1 
844       199 8339154  1 
845       199 8339154  1 
846       199 8339154  1 
847       199 8339154  1 
848       199 8339154  1 
849       199 8339154  1 
850       199 8339154  1 
851       199 8339154  1 
852       199 8339154  1 
853       199 8339154  1 
854       199 8339154  1 
855       199 8339154  1 
856       199 8339154  1 
857       199 8339154  1 
858       199 8339154  1 
859       199 8339154  1 
860       199 8339154  1 
861       199 8339154  1 
862       199 8339154  1 
863       199 8339154  1 
864       199 8339154  1 
865       199 8339154  1 
866       199 8339154  1 
867       199 8339154  1 
868       199 8339154  1 
869       199 8339154  1 
870       199 8339154  1 
871       199 8339154  1 
872       199 8339154  1 
873       199 8339154  1 
874       199 8339154  1 
875       199 8339154  1 
876       199 8339154  1 
877       199 8339154  1 
878       199 8339154  1 
879       199 8339154  1 
880       199 8339154  1 
881       199 8339154  1 
882       199 8339154  1 
883       199 8339154  1 
884       199 8339154  1 
885       199 8339154  1 
886       199 8339154  1 
887       199 8339154  1 
888       199 8339154  1 
889       199 8339154  1 
890       199 8339154  1 
891       199 8339154  1 
892       199 8339154  1 
893       199 8339154  1 
894       199 8339154  1 
895       199 8339154  1 
