Signal Legend:

Key        Signal Name

0        = sbox_out
1        = values_out
2        = test_out

Data Table:

Signals-> 0   1        2 

sample

-128      0   0        0 
-127      0   0        0 
-126      0   0        0 
-125      0   0        0 
-124      0   0        0 
-123      0   0        0 
-122      0   0        0 
-121      0   0        0 
-120      0   0        0 
-119      0   0        0 
-118      0   0        0 
-117      0   0        0 
-116      0   0        0 
-115      0   0        0 
-114      0   0        0 
-113      0   0        0 
-112      0   0        0 
-111      0   0        0 
-110      0   0        0 
-109      0   0        0 
-108      0   0        0 
-107      0   0        0 
-106      0   0        0 
-105      0   0        0 
-104      0   0        0 
-103      0   0        0 
-102      0   0        0 
-101      0   0        0 
-100      0   0        0 
-99       0   0        0 
-98       0   0        0 
-97       0   0        0 
-96       0   0        0 
-95       0   0        0 
-94       0   0        0 
-93       0   0        0 
-92       0   0        0 
-91       0   0        0 
-90       0   0        0 
-89       0   0        0 
-88       0   0        0 
-87       0   0        0 
-86       0   0        0 
-85       0   0        0 
-84       0   0        0 
-83       0   0        0 
-82       0   0        0 
-81       0   0        0 
-80       0   0        0 
-79       0   0        0 
-78       0   0        0 
-77       0   0        0 
-76       0   0        0 
-75       0   0        0 
-74       0   0        0 
-73       0   0        0 
-72       0   0        0 
-71       0   0        0 
-70       0   0        0 
-69       0   0        0 
-68       0   0        0 
-67       0   0        0 
-66       0   0        0 
-65       0   0        0 
-64       0   0        0 
-63       0   0        0 
-62       0   0        0 
-61       0   0        0 
-60       0   0        0 
-59       0   0        0 
-58       0   0        0 
-57       0   0        0 
-56       0   0        0 
-55       0   0        0 
-54       0   0        0 
-53       0   0        0 
-52       0   0        0 
-51       0   0        0 
-50       0   0        0 
-49       0   0        0 
-48       0   0        0 
-47       0   0        0 
-46       0   0        0 
-45       0   0        0 
-44       0   0        0 
-43       0   0        0 
-42       0   0        0 
-41       0   0        0 
-40       0   0        0 
-39       0   0        0 
-38       0   0        0 
-37       0   0        0 
-36       0   0        0 
-35       0   0        0 
-34       0   0        0 
-33       0   0        0 
-32       0   0        0 
-31       0   0        0 
-30       0   0        0 
-29       0   0        0 
-28       0   0        0 
-27       0   0        0 
-26       0   0        0 
-25       0   0        0 
-24       0   0        0 
-23       0   0        0 
-22       0   0        0 
-21       0   0        0 
-20       0   0        0 
-19       0   0        0 
-18       0   0        0 
-17       0   0        0 
-16       0   0        0 
-15       0   0        0 
-14       0   0        0 
-13       0   0        0 
-12       0   0        0 
-11       0   0        0 
-10       0   0        0 
-9        0   0        0 
-8        0   0        0 
-7        0   0        0 
-6        0   0        0 
-5        0   0        0 
-4        0   0        0 
-3        0   0        0 
-2        0   0        0 
-1        0   0        0 
0         16  -8289810 1 
1         19  -7732741 1 
2         20  -7578293 1 
3         18  -7117887 1 
4         17  -6998141 1 
5         21  -6993127 1 
6         214 -6241059 1 
7         36  -6228069 1 
8         215 -5574101 1 
9         87  -5515902 1 
10        212 -5477416 1 
11        216 -5425793 1 
12        15  -5334693 1 
13        91  -5242050 1 
14        211 -5236596 1 
15        92  -5222756 1 
16        89  -5215344 1 
17        86  -5101923 1 
18        90  -5060720 1 
19        88  -4947693 1 
20        210 -4925582 1 
21        213 -4897103 1 
22        209 -4840902 1 
23        85  -4746504 1 
24        40  -4689774 1 
25        42  -4543890 1 
26        39  -4540268 1 
27        38  -4504776 1 
28        37  -4338108 1 
29        41  -4301407 1 
30        45  -4137997 1 
31        44  -3922159 1 
32        43  -3860768 1 
33        131 -2716994 1 
34        1   -776164  1 
35        0   0        1 
36        198 37073    1 
37        75  145148   1 
38        2   153744   1 
39        72  161835   1 
40        200 216676   1 
41        73  387264   1 
42        199 448174   1 
43        74  674000   1 
44        6   1274682  1 
45        3   1615342  1 
46        8   1620502  1 
47        7   1622085  1 
48        197 1627683  1 
49        4   1903417  1 
50        196 1970578  1 
51        71  2140316  1 
52        133 2273689  1 
53        63  2280105  1 
54        225 2284862  1 
55        134 2304031  1 
56        232 2321768  1 
57        233 2326682  1 
58        58  2379013  1 
59        188 2391525  1 
60        57  2413809  1 
61        56  2525022  1 
62        5   2560086  1 
63        70  2568984  1 
64        195 2581581  1 
65        179 2627989  1 
66        55  2638367  1 
67        175 2640273  1 
68        229 2653240  1 
69        230 2668963  1 
70        53  2679324  1 
71        185 2704173  1 
72        105 2730167  1 
73        184 2730752  1 
74        187 2749935  1 
75        231 2754662  1 
76        106 2762627  1 
77        182 2767302  1 
78        178 2773237  1 
79        52  2775443  1 
80        107 2776425  1 
81        132 2776673  1 
82        228 2784027  1 
83        135 2796109  1 
84        227 2797806  1 
85        183 2811512  1 
86        60  2821697  1 
87        59  2821914  1 
88        9   2828592  1 
89        180 2834025  1 
90        181 2873387  1 
91        226 2883806  1 
92        177 2889849  1 
93        218 2898135  1 
94        61  2986546  1 
95        136 3031533  1 
96        103 3034720  1 
97        54  3041447  1 
98        176 3045393  1 
99        108 3077880  1 
100       186 3082102  1 
101       104 3088815  1 
102       137 3090604  1 
103       62  3117395  1 
104       110 3126339  1 
105       109 3130149  1 
106       138 3145314  1 
107       114 3151103  1 
108       100 3159403  1 
109       113 3169396  1 
110       93  3169590  1 
111       139 3175002  1 
112       102 3199429  1 
113       143 3206818  1 
114       99  3211524  1 
115       111 3221884  1 
116       193 3231250  1 
117       140 3258039  1 
118       48  3264077  1 
119       68  3283728  1 
120       171 3285434  1 
121       95  3287958  1 
122       94  3297068  1 
123       97  3297576  1 
124       98  3310300  1 
125       96  3316893  1 
126       147 3327276  1 
127       101 3329505  1 
128       116 3343344  1 
129       170 3363138  1 
130       194 3377072  1 
131       145 3383972  1 
132       221 3386625  1 
133       142 3400806  1 
134       47  3404696  1 
135       173 3476733  1 
136       146 3488228  1 
137       220 3529884  1 
138       172 3538393  1 
139       50  3558384  1 
140       141 3598804  1 
141       219 3602866  1 
142       115 3608804  1 
143       174 3613487  1 
144       166 3614074  1 
145       49  3615344  1 
146       51  3644310  1 
147       237 3707123  1 
148       189 3806664  1 
149       66  3841663  1 
150       167 3850906  1 
151       238 3859794  1 
152       239 3864420  1 
153       190 3882700  1 
154       191 3912995  1 
155       236 3946273  1 
156       64  3968468  1 
157       234 3969454  1 
158       67  3975921  1 
159       144 4008866  1 
160       69  4024366  1 
161       46  4025869  1 
162       168 4027439  1 
163       65  4039748  1 
164       222 4059269  1 
165       235 4063646  1 
166       112 4067036  1 
167       224 4105220  1 
168       192 4108637  1 
169       169 4154241  1 
170       223 4181208  1 
171       83  4256684  1 
172       34  4349367  1 
173       35  4358153  1 
174       253 4414261  1 
175       244 4422600  1 
176       242 4427770  1 
177       245 4439671  1 
178       252 4449572  1 
179       246 4468954  1 
180       241 4487333  1 
181       243 4492678  1 
182       240 4545546  1 
183       33  4572095  1 
184       208 4664964  1 
185       120 4679843  1 
186       151 4691026  1 
187       119 4704375  1 
188       153 4722781  1 
189       152 4742549  1 
190       165 4762676  1 
191       162 4792721  1 
192       121 4813195  1 
193       32  4839821  1 
194       164 4839887  1 
195       207 4843723  1 
196       161 4878720  1 
197       254 4907838  1 
198       154 4924762  1 
199       150 4938734  1 
200       255 4972841  1 
201       84  5032707  1 
202       129 5046700  1 
203       149 5059753  1 
204       117 5096615  1 
205       82  5101050  1 
206       11  5116200  1 
207       122 5119666  1 
208       163 5133216  1 
209       118 5175712  1 
210       31  5192472  1 
211       130 5195164  1 
212       123 5215822  1 
213       148 5227215  1 
214       217 5259291  1 
215       79  5280601  1 
216       127 5290314  1 
217       206 5364909  1 
218       124 5368644  1 
219       126 5383218  1 
220       157 5460739  1 
221       155 5523754  1 
222       30  5537552  1 
223       125 5538921  1 
224       156 5552783  1 
225       81  5597546  1 
226       13  5668707  1 
227       158 5669123  1 
228       204 5699280  1 
229       248 5795256  1 
230       249 5871238  1 
231       29  5943444  1 
232       14  5947558  1 
233       27  5949759  1 
234       247 5973783  1 
235       10  5996408  1 
236       28  6045842  1 
237       251 6063704  1 
238       80  6076757  1 
239       159 6081257  1 
240       205 6086638  1 
241       250 6092680  1 
242       160 6109110  1 
243       128 6235693  1 
244       24  6462425  1 
245       23  6634990  1 
246       25  6756998  1 
247       22  6895843  1 
248       203 7109747  1 
249       12  7138800  1 
250       77  7359566  1 
251       78  7411727  1 
252       202 7504674  1 
253       76  8232508  1 
254       26  8296654  1 
255       201 8339154  1 
256       201 8339154  1 
257       201 8339154  1 
258       201 8339154  1 
259       201 8339154  1 
260       201 8339154  1 
261       201 8339154  1 
262       201 8339154  1 
263       201 8339154  1 
264       201 8339154  1 
265       201 8339154  1 
266       201 8339154  1 
267       201 8339154  1 
268       201 8339154  1 
269       201 8339154  1 
270       201 8339154  1 
271       201 8339154  1 
272       201 8339154  1 
273       201 8339154  1 
274       201 8339154  1 
275       201 8339154  1 
276       201 8339154  1 
277       201 8339154  1 
278       201 8339154  1 
279       201 8339154  1 
280       201 8339154  1 
281       201 8339154  1 
282       201 8339154  1 
283       201 8339154  1 
284       201 8339154  1 
285       201 8339154  1 
286       201 8339154  1 
287       201 8339154  1 
288       201 8339154  1 
289       201 8339154  1 
290       201 8339154  1 
291       201 8339154  1 
292       201 8339154  1 
293       201 8339154  1 
294       201 8339154  1 
295       201 8339154  1 
296       201 8339154  1 
297       201 8339154  1 
298       201 8339154  1 
299       201 8339154  1 
300       201 8339154  1 
301       201 8339154  1 
302       201 8339154  1 
303       201 8339154  1 
304       201 8339154  1 
305       201 8339154  1 
306       201 8339154  1 
307       201 8339154  1 
308       201 8339154  1 
309       201 8339154  1 
310       201 8339154  1 
311       201 8339154  1 
312       201 8339154  1 
313       201 8339154  1 
314       201 8339154  1 
315       201 8339154  1 
316       201 8339154  1 
317       201 8339154  1 
318       201 8339154  1 
319       201 8339154  1 
320       201 8339154  1 
321       201 8339154  1 
322       201 8339154  1 
323       201 8339154  1 
324       201 8339154  1 
325       201 8339154  1 
326       201 8339154  1 
327       201 8339154  1 
328       201 8339154  1 
329       201 8339154  1 
330       201 8339154  1 
331       201 8339154  1 
332       201 8339154  1 
333       201 8339154  1 
334       201 8339154  1 
335       201 8339154  1 
336       201 8339154  1 
337       201 8339154  1 
338       201 8339154  1 
339       201 8339154  1 
340       201 8339154  1 
341       201 8339154  1 
342       201 8339154  1 
343       201 8339154  1 
344       201 8339154  1 
345       201 8339154  1 
346       201 8339154  1 
347       201 8339154  1 
348       201 8339154  1 
349       201 8339154  1 
350       201 8339154  1 
351       201 8339154  1 
352       201 8339154  1 
353       201 8339154  1 
354       201 8339154  1 
355       201 8339154  1 
356       201 8339154  1 
357       201 8339154  1 
358       201 8339154  1 
359       201 8339154  1 
360       201 8339154  1 
361       201 8339154  1 
362       201 8339154  1 
363       201 8339154  1 
364       201 8339154  1 
365       201 8339154  1 
366       201 8339154  1 
367       201 8339154  1 
368       201 8339154  1 
369       201 8339154  1 
370       201 8339154  1 
371       201 8339154  1 
372       201 8339154  1 
373       201 8339154  1 
374       201 8339154  1 
375       201 8339154  1 
376       201 8339154  1 
377       201 8339154  1 
378       201 8339154  1 
379       201 8339154  1 
380       201 8339154  1 
381       201 8339154  1 
382       201 8339154  1 
383       201 8339154  1 
384       201 8339154  1 
385       201 8339154  1 
386       201 8339154  1 
387       201 8339154  1 
388       201 8339154  1 
389       201 8339154  1 
390       201 8339154  1 
391       201 8339154  1 
392       201 8339154  1 
393       201 8339154  1 
394       201 8339154  1 
395       201 8339154  1 
396       201 8339154  1 
397       201 8339154  1 
398       201 8339154  1 
399       201 8339154  1 
400       201 8339154  1 
401       201 8339154  1 
402       201 8339154  1 
403       201 8339154  1 
404       201 8339154  1 
405       201 8339154  1 
406       201 8339154  1 
407       201 8339154  1 
408       201 8339154  1 
409       201 8339154  1 
410       201 8339154  1 
411       201 8339154  1 
412       201 8339154  1 
413       201 8339154  1 
414       201 8339154  1 
415       201 8339154  1 
416       201 8339154  1 
417       201 8339154  1 
418       201 8339154  1 
419       201 8339154  1 
420       201 8339154  1 
421       201 8339154  1 
422       201 8339154  1 
423       201 8339154  1 
424       201 8339154  1 
425       201 8339154  1 
426       201 8339154  1 
427       201 8339154  1 
428       201 8339154  1 
429       201 8339154  1 
430       201 8339154  1 
431       201 8339154  1 
432       201 8339154  1 
433       201 8339154  1 
434       201 8339154  1 
435       201 8339154  1 
436       201 8339154  1 
437       201 8339154  1 
438       201 8339154  1 
439       201 8339154  1 
440       201 8339154  1 
441       201 8339154  1 
442       201 8339154  1 
443       201 8339154  1 
444       201 8339154  1 
445       201 8339154  1 
446       201 8339154  1 
447       201 8339154  1 
448       201 8339154  1 
449       201 8339154  1 
450       201 8339154  1 
451       201 8339154  1 
452       201 8339154  1 
453       201 8339154  1 
454       201 8339154  1 
455       201 8339154  1 
456       201 8339154  1 
457       201 8339154  1 
458       201 8339154  1 
459       201 8339154  1 
460       201 8339154  1 
461       201 8339154  1 
462       201 8339154  1 
463       201 8339154  1 
464       201 8339154  1 
465       201 8339154  1 
466       201 8339154  1 
467       201 8339154  1 
468       201 8339154  1 
469       201 8339154  1 
470       201 8339154  1 
471       201 8339154  1 
472       201 8339154  1 
473       201 8339154  1 
474       201 8339154  1 
475       201 8339154  1 
476       201 8339154  1 
477       201 8339154  1 
478       201 8339154  1 
479       201 8339154  1 
480       201 8339154  1 
481       201 8339154  1 
482       201 8339154  1 
483       201 8339154  1 
484       201 8339154  1 
485       201 8339154  1 
486       201 8339154  1 
487       201 8339154  1 
488       201 8339154  1 
489       201 8339154  1 
490       201 8339154  1 
491       201 8339154  1 
492       201 8339154  1 
493       201 8339154  1 
494       201 8339154  1 
495       201 8339154  1 
496       201 8339154  1 
497       201 8339154  1 
498       201 8339154  1 
499       201 8339154  1 
500       201 8339154  1 
501       201 8339154  1 
502       201 8339154  1 
503       201 8339154  1 
504       201 8339154  1 
505       201 8339154  1 
506       201 8339154  1 
507       201 8339154  1 
508       201 8339154  1 
509       201 8339154  1 
510       201 8339154  1 
511       201 8339154  1 
512       201 8339154  1 
513       201 8339154  1 
514       201 8339154  1 
515       201 8339154  1 
516       201 8339154  1 
517       201 8339154  1 
518       201 8339154  1 
519       201 8339154  1 
520       201 8339154  1 
521       201 8339154  1 
522       201 8339154  1 
523       201 8339154  1 
524       201 8339154  1 
525       201 8339154  1 
526       201 8339154  1 
527       201 8339154  1 
528       201 8339154  1 
529       201 8339154  1 
530       201 8339154  1 
531       201 8339154  1 
532       201 8339154  1 
533       201 8339154  1 
534       201 8339154  1 
535       201 8339154  1 
536       201 8339154  1 
537       201 8339154  1 
538       201 8339154  1 
539       201 8339154  1 
540       201 8339154  1 
541       201 8339154  1 
542       201 8339154  1 
543       201 8339154  1 
544       201 8339154  1 
545       201 8339154  1 
546       201 8339154  1 
547       201 8339154  1 
548       201 8339154  1 
549       201 8339154  1 
550       201 8339154  1 
551       201 8339154  1 
552       201 8339154  1 
553       201 8339154  1 
554       201 8339154  1 
555       201 8339154  1 
556       201 8339154  1 
557       201 8339154  1 
558       201 8339154  1 
559       201 8339154  1 
560       201 8339154  1 
561       201 8339154  1 
562       201 8339154  1 
563       201 8339154  1 
564       201 8339154  1 
565       201 8339154  1 
566       201 8339154  1 
567       201 8339154  1 
568       201 8339154  1 
569       201 8339154  1 
570       201 8339154  1 
571       201 8339154  1 
572       201 8339154  1 
573       201 8339154  1 
574       201 8339154  1 
575       201 8339154  1 
576       201 8339154  1 
577       201 8339154  1 
578       201 8339154  1 
579       201 8339154  1 
580       201 8339154  1 
581       201 8339154  1 
582       201 8339154  1 
583       201 8339154  1 
584       201 8339154  1 
585       201 8339154  1 
586       201 8339154  1 
587       201 8339154  1 
588       201 8339154  1 
589       201 8339154  1 
590       201 8339154  1 
591       201 8339154  1 
592       201 8339154  1 
593       201 8339154  1 
594       201 8339154  1 
595       201 8339154  1 
596       201 8339154  1 
597       201 8339154  1 
598       201 8339154  1 
599       201 8339154  1 
600       201 8339154  1 
601       201 8339154  1 
602       201 8339154  1 
603       201 8339154  1 
604       201 8339154  1 
605       201 8339154  1 
606       201 8339154  1 
607       201 8339154  1 
608       201 8339154  1 
609       201 8339154  1 
610       201 8339154  1 
611       201 8339154  1 
612       201 8339154  1 
613       201 8339154  1 
614       201 8339154  1 
615       201 8339154  1 
616       201 8339154  1 
617       201 8339154  1 
618       201 8339154  1 
619       201 8339154  1 
620       201 8339154  1 
621       201 8339154  1 
622       201 8339154  1 
623       201 8339154  1 
624       201 8339154  1 
625       201 8339154  1 
626       201 8339154  1 
627       201 8339154  1 
628       201 8339154  1 
629       201 8339154  1 
630       201 8339154  1 
631       201 8339154  1 
632       201 8339154  1 
633       201 8339154  1 
634       201 8339154  1 
635       201 8339154  1 
636       201 8339154  1 
637       201 8339154  1 
638       201 8339154  1 
639       201 8339154  1 
640       201 8339154  1 
641       201 8339154  1 
642       201 8339154  1 
643       201 8339154  1 
644       201 8339154  1 
645       201 8339154  1 
646       201 8339154  1 
647       201 8339154  1 
648       201 8339154  1 
649       201 8339154  1 
650       201 8339154  1 
651       201 8339154  1 
652       201 8339154  1 
653       201 8339154  1 
654       201 8339154  1 
655       201 8339154  1 
656       201 8339154  1 
657       201 8339154  1 
658       201 8339154  1 
659       201 8339154  1 
660       201 8339154  1 
661       201 8339154  1 
662       201 8339154  1 
663       201 8339154  1 
664       201 8339154  1 
665       201 8339154  1 
666       201 8339154  1 
667       201 8339154  1 
668       201 8339154  1 
669       201 8339154  1 
670       201 8339154  1 
671       201 8339154  1 
672       201 8339154  1 
673       201 8339154  1 
674       201 8339154  1 
675       201 8339154  1 
676       201 8339154  1 
677       201 8339154  1 
678       201 8339154  1 
679       201 8339154  1 
680       201 8339154  1 
681       201 8339154  1 
682       201 8339154  1 
683       201 8339154  1 
684       201 8339154  1 
685       201 8339154  1 
686       201 8339154  1 
687       201 8339154  1 
688       201 8339154  1 
689       201 8339154  1 
690       201 8339154  1 
691       201 8339154  1 
692       201 8339154  1 
693       201 8339154  1 
694       201 8339154  1 
695       201 8339154  1 
696       201 8339154  1 
697       201 8339154  1 
698       201 8339154  1 
699       201 8339154  1 
700       201 8339154  1 
701       201 8339154  1 
702       201 8339154  1 
703       201 8339154  1 
704       201 8339154  1 
705       201 8339154  1 
706       201 8339154  1 
707       201 8339154  1 
708       201 8339154  1 
709       201 8339154  1 
710       201 8339154  1 
711       201 8339154  1 
712       201 8339154  1 
713       201 8339154  1 
714       201 8339154  1 
715       201 8339154  1 
716       201 8339154  1 
717       201 8339154  1 
718       201 8339154  1 
719       201 8339154  1 
720       201 8339154  1 
721       201 8339154  1 
722       201 8339154  1 
723       201 8339154  1 
724       201 8339154  1 
725       201 8339154  1 
726       201 8339154  1 
727       201 8339154  1 
728       201 8339154  1 
729       201 8339154  1 
730       201 8339154  1 
731       201 8339154  1 
732       201 8339154  1 
733       201 8339154  1 
734       201 8339154  1 
735       201 8339154  1 
736       201 8339154  1 
737       201 8339154  1 
738       201 8339154  1 
739       201 8339154  1 
740       201 8339154  1 
741       201 8339154  1 
742       201 8339154  1 
743       201 8339154  1 
744       201 8339154  1 
745       201 8339154  1 
746       201 8339154  1 
747       201 8339154  1 
748       201 8339154  1 
749       201 8339154  1 
750       201 8339154  1 
751       201 8339154  1 
752       201 8339154  1 
753       201 8339154  1 
754       201 8339154  1 
755       201 8339154  1 
756       201 8339154  1 
757       201 8339154  1 
758       201 8339154  1 
759       201 8339154  1 
760       201 8339154  1 
761       201 8339154  1 
762       201 8339154  1 
763       201 8339154  1 
764       201 8339154  1 
765       201 8339154  1 
766       201 8339154  1 
767       201 8339154  1 
768       201 8339154  1 
769       201 8339154  1 
770       201 8339154  1 
771       201 8339154  1 
772       201 8339154  1 
773       201 8339154  1 
774       201 8339154  1 
775       201 8339154  1 
776       201 8339154  1 
777       201 8339154  1 
778       201 8339154  1 
779       201 8339154  1 
780       201 8339154  1 
781       201 8339154  1 
782       201 8339154  1 
783       201 8339154  1 
784       201 8339154  1 
785       201 8339154  1 
786       201 8339154  1 
787       201 8339154  1 
788       201 8339154  1 
789       201 8339154  1 
790       201 8339154  1 
791       201 8339154  1 
792       201 8339154  1 
793       201 8339154  1 
794       201 8339154  1 
795       201 8339154  1 
796       201 8339154  1 
797       201 8339154  1 
798       201 8339154  1 
799       201 8339154  1 
800       201 8339154  1 
801       201 8339154  1 
802       201 8339154  1 
803       201 8339154  1 
804       201 8339154  1 
805       201 8339154  1 
806       201 8339154  1 
807       201 8339154  1 
808       201 8339154  1 
809       201 8339154  1 
810       201 8339154  1 
811       201 8339154  1 
812       201 8339154  1 
813       201 8339154  1 
814       201 8339154  1 
815       201 8339154  1 
816       201 8339154  1 
817       201 8339154  1 
818       201 8339154  1 
819       201 8339154  1 
820       201 8339154  1 
821       201 8339154  1 
822       201 8339154  1 
823       201 8339154  1 
824       201 8339154  1 
825       201 8339154  1 
826       201 8339154  1 
827       201 8339154  1 
828       201 8339154  1 
829       201 8339154  1 
830       201 8339154  1 
831       201 8339154  1 
832       201 8339154  1 
833       201 8339154  1 
834       201 8339154  1 
835       201 8339154  1 
836       201 8339154  1 
837       201 8339154  1 
838       201 8339154  1 
839       201 8339154  1 
840       201 8339154  1 
841       201 8339154  1 
842       201 8339154  1 
843       201 8339154  1 
844       201 8339154  1 
845       201 8339154  1 
846       201 8339154  1 
847       201 8339154  1 
848       201 8339154  1 
849       201 8339154  1 
850       201 8339154  1 
851       201 8339154  1 
852       201 8339154  1 
853       201 8339154  1 
854       201 8339154  1 
855       201 8339154  1 
856       201 8339154  1 
857       201 8339154  1 
858       201 8339154  1 
859       201 8339154  1 
860       201 8339154  1 
861       201 8339154  1 
862       201 8339154  1 
863       201 8339154  1 
864       201 8339154  1 
865       201 8339154  1 
866       201 8339154  1 
867       201 8339154  1 
868       201 8339154  1 
869       201 8339154  1 
870       201 8339154  1 
871       201 8339154  1 
872       201 8339154  1 
873       201 8339154  1 
874       201 8339154  1 
875       201 8339154  1 
876       201 8339154  1 
877       201 8339154  1 
878       201 8339154  1 
879       201 8339154  1 
880       201 8339154  1 
881       201 8339154  1 
882       201 8339154  1 
883       201 8339154  1 
884       201 8339154  1 
885       201 8339154  1 
886       201 8339154  1 
887       201 8339154  1 
888       201 8339154  1 
889       201 8339154  1 
890       201 8339154  1 
891       201 8339154  1 
892       201 8339154  1 
893       201 8339154  1 
894       201 8339154  1 
895       201 8339154  1 
